"InvoiceID","PayerAccountId","LinkedAccountId","RecordType","RecordID","BillingPeriodStartDate","BillingPeriodEndDate","InvoiceDate","PayerAccountName","LinkedAccountName","TaxationAddress","PayerPONumber","ProductCode","ProductName","SellerOfRecord","UsageType","Operation","RateId","ItemDescription","UsageStartDate","UsageEndDate","UsageQuantity","BlendedRate","CurrencyCode","CostBeforeTax","Credits","TaxAmount","TaxType","TotalCost"
"Estimated","102964196778","","PayerLineItem","5600000000251686531","2015/05/01 00:00:00","2015/05/31 23:59:59","2015/05/19 19:21:12","TP-LINK Technologies Co., Ltd.","","No.5 Keyuan Road  South Building , Shenzhen, GD, 518057, CN","","AmazonCloudFront","Amazon CloudFront","Amazon Web Services, Inc.","EU-Requests-Tier1","GET","3506631","$0.0090 per 10,000 HTTP Requests","2015/05/01 00:00:00","2015/05/31 23:59:59","27.0",,"USD","0.01","0.0","0.000000","None","0.010000"
"Estimated","102964196778","","PayerLineItem","5600000000251686532","2015/05/01 00:00:00","2015/05/31 23:59:59","2015/05/19 19:21:12","TP-LINK Technologies Co., Ltd.","","No.5 Keyuan Road  South Building , Shenzhen, GD, 518057, CN","","AWSDataTransfer","AWS Data Transfer","Amazon Web Services, Inc.","APN1-USW2-AWS-Out-Bytes",,"3510974","$0.09 per GB - Asia Pacific (Tokyo) data transfer to US West (Oregon)","2015/05/01 00:00:00","2015/05/31 23:59:59","0.00115754",,"USD","0.01","0.0","0.000000","None","0.010000"
"Estimated","102964196778","","PayerLineItem","5600000000251892833","2015/05/01 00:00:00","2015/05/31 23:59:59","2015/05/19 19:21:12","TP-LINK Technologies Co., Ltd.","","No.5 Keyuan Road  South Building , Shenzhen, GD, 518057, CN","","AWSQueueService","Amazon Simple Queue Service","Amazon Web Services, Inc.","APS1-Requests-Tier1",,"3304354","First 1,000,000 Amazon SQS Requests per month are free","2015/05/01 00:00:00","2015/05/31 23:59:59","14.0",,"USD","0.00","0.0","0.000000","None","0.000000"
"Estimated","102964196778","","PayerLineItem","5600000000251892834","2015/05/01 00:00:00","2015/05/31 23:59:59","2015/05/19 19:21:12","TP-LINK Technologies Co., Ltd.","","No.5 Keyuan Road  South Building , Shenzhen, GD, 518057, CN","","AmazonEC2","Amazon Elastic Compute Cloud","Amazon Web Services, Inc.","APS1-ElasticIP:Remap",,"4870405","$0.00 per Elastic IP address remap - first 100 remaps / month","2015/05/01 00:00:00","2015/05/31 23:59:59","2.0",,"USD","0.00","0.0","0.000000","None","0.000000"
"Estimated","102964196778","","PayerLineItem","5600000000251686533","2015/05/01 00:00:00","2015/05/31 23:59:59","2015/05/19 19:21:12","TP-LINK Technologies Co., Ltd.","","No.5 Keyuan Road  South Building , Shenzhen, GD, 518057, CN","","AmazonEC2","Amazon Elastic Compute Cloud","Amazon Web Services, Inc.","CW:AlarmMonitorUsage",,"4870349","$0.00 per alarm-month - first 10 alarms","2015/05/01 00:00:00","2015/05/31 23:59:59","0.60215232",,"USD","0.00","0.0","0.000000","None","0.000000"
"Estimated","102964196778","","PayerLineItem","5600000000251686534","2015/05/01 00:00:00","2015/05/31 23:59:59","2015/05/19 19:21:12","TP-LINK Technologies Co., Ltd.","","No.5 Keyuan Road  South Building , Shenzhen, GD, 518057, CN","","AWSDataTransfer","AWS Data Transfer","Amazon Web Services, Inc.","APS2-DataTransfer-Out-Bytes",,"3510842","$0.000 per GB - first 1 GB of data transferred out per month","2015/05/01 00:00:00","2015/05/31 23:59:59","0.14738587",,"USD","0.00","0.0","0.000000","None","0.000000"
"Estimated","102964196778","","PayerLineItem","5600000000251686535","2015/05/01 00:00:00","2015/05/31 23:59:59","2015/05/19 19:21:12","TP-LINK Technologies Co., Ltd.","","No.5 Keyuan Road  South Building , Shenzhen, GD, 518057, CN","","AWSDataTransfer","AWS Data Transfer","Amazon Web Services, Inc.","EU-USW2-AWS-In-Bytes",,"3510784","$0.00 per GB - EU (Ireland) data transfer from US West (Oregon)","2015/05/01 00:00:00","2015/05/31 23:59:59","0.00147997",,"USD","0.00","0.0","0.000000","None","0.000000"
"Estimated","102964196778","","PayerLineItem","5600000000251686536","2015/05/01 00:00:00","2015/05/31 23:59:59","2015/05/19 19:21:12","TP-LINK Technologies Co., Ltd.","","No.5 Keyuan Road  South Building , Shenzhen, GD, 518057, CN","","AWSDataTransfer","AWS Data Transfer","Amazon Web Services, Inc.","APN1-USE1-AWS-Out-Bytes",,"3510970","$0.09 per GB - Asia Pacific (Tokyo) data transfer to US East (Northern Virginia)","2015/05/01 00:00:00","2015/05/31 23:59:59","0.01287915",,"USD","0.01","0.0","0.000000","None","0.010000"
"Estimated","102964196778","","PayerLineItem","5600000000253431200","2015/05/01 00:00:00","2015/05/31 23:59:59","2015/05/19 19:21:12","TP-LINK Technologies Co., Ltd.","","No.5 Keyuan Road  South Building , Shenzhen, GD, 518057, CN","","AmazonDynamoDB","Amazon DynamoDB","Amazon Web Services, Inc.","APN1-ReadCapacityUnit-Hrs","CommittedThroughput","3717255","$0.0001484 per hour for units of read capacity beyond the free tier","2015/05/01 00:00:00","2015/05/31 23:59:59","99672.0",,"USD","14.79","0.0","0.000000","None","14.790000"
"Estimated","102964196778","","PayerLineItem","5600000000251686537","2015/05/01 00:00:00","2015/05/31 23:59:59","2015/05/19 19:21:12","TP-LINK Technologies Co., Ltd.","","No.5 Keyuan Road  South Building , Shenzhen, GD, 518057, CN","","AWSDataTransfer","AWS Data Transfer","Amazon Web Services, Inc.","USE1-APN1-AWS-In-Bytes",,"3510828","$0.00 per GB - US East (Northern Virginia) data transfer from Asia Pacific (Tokyo)","2015/05/01 00:00:00","2015/05/31 23:59:59","0.00146712",,"USD","0.00","0.0","0.000000","None","0.000000"
"Estimated","102964196778","","PayerLineItem","5600000000251686538","2015/05/01 00:00:00","2015/05/31 23:59:59","2015/05/19 19:21:12","TP-LINK Technologies Co., Ltd.","","No.5 Keyuan Road  South Building , Shenzhen, GD, 518057, CN","","AmazonElastiCache","Amazon ElastiCache","Amazon Web Services, Inc.","EU-NodeUsage:cache.m3.medium","CreateCacheCluster:0001","3815972","$0.095 per  Enhanced Medium Cache node-hour (or partial hour) running Memcached","2015/05/01 00:00:00","2015/05/31 23:59:59","896.0",,"USD","85.12","0.0","0.000000","None","85.120000"
"Estimated","102964196778","","PayerLineItem","5600000000251686539","2015/05/01 00:00:00","2015/05/31 23:59:59","2015/05/19 19:21:12","TP-LINK Technologies Co., Ltd.","","No.5 Keyuan Road  South Building , Shenzhen, GD, 518057, CN","","AmazonS3","Amazon Simple Storage Service","Amazon Web Services, Inc.","Requests-Tier2",,"3309724","$0.004 per 10,000 GET and all other requests","2015/05/01 00:00:00","2015/05/31 23:59:59","1677.0",,"USD","0.01","0.0","0.000000","None","0.010000"
"Estimated","102964196778","","PayerLineItem","5600000000251686540","2015/05/01 00:00:00","2015/05/31 23:59:59","2015/05/19 19:21:12","TP-LINK Technologies Co., Ltd.","","No.5 Keyuan Road  South Building , Shenzhen, GD, 518057, CN","","AmazonEC2","Amazon Elastic Compute Cloud","Amazon Web Services, Inc.","EU-EBS:VolumeUsage.gp2",,"4870176","$0.11 per GB-month of General Purpose (SSD) provisioned storage - EU (Ireland)","2015/05/01 00:00:00","2015/05/31 23:59:59","99.8064509",,"USD","10.98","0.0","0.000000","None","10.980000"
"Estimated","102964196778","","PayerLineItem","5600000000253493414","2015/05/01 00:00:00","2015/05/31 23:59:59","2015/05/19 19:21:12","TP-LINK Technologies Co., Ltd.","","No.5 Keyuan Road  South Building , Shenzhen, GD, 518057, CN","","AmazonEC2","Amazon Elastic Compute Cloud","Amazon Web Services, Inc.","APN1-CW:Requests",,"4870367","$0.01 per 1,000 requests","2015/05/01 00:00:00","2015/05/31 23:59:59","946.0",,"USD","0.01","0.0","0.000000","None","0.010000"
"Estimated","102964196778","","PayerLineItem","5600000000253431201","2015/05/01 00:00:00","2015/05/31 23:59:59","2015/05/19 19:21:12","TP-LINK Technologies Co., Ltd.","","No.5 Keyuan Road  South Building , Shenzhen, GD, 518057, CN","","AmazonDynamoDB","Amazon DynamoDB","Amazon Web Services, Inc.","APS1-WriteCapacityUnit-Hrs","CommittedThroughput","3717210","$0.00074 per hour for units of write capacity beyond the free tier","2015/05/01 00:00:00","2015/05/31 23:59:59","109523.0",,"USD","81.05","0.0","0.000000","None","81.050000"
"Estimated","102964196778","","PayerLineItem","5600000000251686542","2015/05/01 00:00:00","2015/05/31 23:59:59","2015/05/19 19:21:12","TP-LINK Technologies Co., Ltd.","","No.5 Keyuan Road  South Building , Shenzhen, GD, 518057, CN","","AWSDataTransfer","AWS Data Transfer","Amazon Web Services, Inc.","EU-APN1-AWS-In-Bytes",,"3510778","$0.00 per GB - EU (Ireland) data transfer from Asia Pacific (Tokyo)","2015/05/01 00:00:00","2015/05/31 23:59:59","0.02105993",,"USD","0.00","0.0","0.000000","None","0.000000"
"Estimated","102964196778","","PayerLineItem","5600000000251686543","2015/05/01 00:00:00","2015/05/31 23:59:59","2015/05/19 19:21:12","TP-LINK Technologies Co., Ltd.","","No.5 Keyuan Road  South Building , Shenzhen, GD, 518057, CN","","AmazonCloudFront","Amazon CloudFront","Amazon Web Services, Inc.","AP-Requests-Tier2-HTTPS",,"3506650","$0.012 per 10,000 HTTPS Requests","2015/05/01 00:00:00","2015/05/31 23:59:59","184309.0",,"USD","0.22","0.0","0.000000","None","0.220000"
"Estimated","102964196778","","PayerLineItem","5600000000251686544","2015/05/01 00:00:00","2015/05/31 23:59:59","2015/05/19 19:21:12","TP-LINK Technologies Co., Ltd.","","No.5 Keyuan Road  South Building , Shenzhen, GD, 518057, CN","","AWSDataTransfer","AWS Data Transfer","Amazon Web Services, Inc.","APS2-DataTransfer-Regional-Bytes",,"3510837","$0.010 per GB - regional data transfer - in/out/between EC2 AZs or using IPs or ELB","2015/05/01 00:00:00","2015/05/31 23:59:59","0.02494692",,"USD","0.01","0.0","0.000000","None","0.010000"
"Estimated","102964196778","","PayerLineItem","5600000000251859424","2015/05/01 00:00:00","2015/05/31 23:59:59","2015/05/19 19:21:12","TP-LINK Technologies Co., Ltd.","","No.5 Keyuan Road  South Building , Shenzhen, GD, 518057, CN","","AWSDataTransfer","AWS Data Transfer","Amazon Web Services, Inc.","USE1-CloudFront-In-Bytes",,"3510756","$0.00 per GB data transfer in to US East (Northern Virginia) from CloudFront","2015/05/01 00:00:00","2015/05/31 23:59:59","0.00134138",,"USD","0.00","0.0","0.000000","None","0.000000"
"Estimated","102964196778","","PayerLineItem","5600000000251686545","2015/05/01 00:00:00","2015/05/31 23:59:59","2015/05/19 19:21:12","TP-LINK Technologies Co., Ltd.","","No.5 Keyuan Road  South Building , Shenzhen, GD, 518057, CN","","AWSDataTransfer","AWS Data Transfer","Amazon Web Services, Inc.","APS1-APS2-AWS-Out-Bytes",,"3511000","$0.09 per GB - Asia Pacific (Singapore) data transfer to Asia Pacific (Sydney)","2015/05/01 00:00:00","2015/05/31 23:59:59","0.00145879",,"USD","0.01","0.0","0.000000","None","0.010000"
"Estimated","102964196778","","PayerLineItem","5600000000251892835","2015/05/01 00:00:00","2015/05/31 23:59:59","2015/05/19 19:21:12","TP-LINK Technologies Co., Ltd.","","No.5 Keyuan Road  South Building , Shenzhen, GD, 518057, CN","","AmazonS3","Amazon Simple Storage Service","Amazon Web Services, Inc.","APS2-Requests-Tier2",,"3309625","$0.0044 per 10,000 GET and all other requests","2015/05/01 00:00:00","2015/05/31 23:59:59","10.0",,"USD","0.01","0.0","0.000000","None","0.010000"
"Estimated","102964196778","","PayerLineItem","5600000000251686547","2015/05/01 00:00:00","2015/05/31 23:59:59","2015/05/19 19:21:12","TP-LINK Technologies Co., Ltd.","","No.5 Keyuan Road  South Building , Shenzhen, GD, 518057, CN","","AmazonEC2","Amazon Elastic Compute Cloud","Amazon Web Services, Inc.","EU-BoxUsage:t1.micro","RunInstances","4869706","$0.020 per On Demand Linux t1.micro Instance Hour","2015/05/01 00:00:00","2015/05/31 23:59:59","1792.0",,"USD","35.84","0.0","0.000000","None","35.840000"
"Estimated","102964196778","","PayerLineItem","5600000000251686548","2015/05/01 00:00:00","2015/05/31 23:59:59","2015/05/19 19:21:12","TP-LINK Technologies Co., Ltd.","","No.5 Keyuan Road  South Building , Shenzhen, GD, 518057, CN","","AmazonEC2","Amazon Elastic Compute Cloud","Amazon Web Services, Inc.","EU-LoadBalancerUsage","LoadBalancing","4870380","$0.028 per LoadBalancer-hour (or partial hour)","2015/05/01 00:00:00","2015/05/31 23:59:59","4475.0",,"USD","125.30","0.0","0.000000","None","125.300000"
"Estimated","102964196778","","PayerLineItem","5600000000251686549","2015/05/01 00:00:00","2015/05/31 23:59:59","2015/05/19 19:21:12","TP-LINK Technologies Co., Ltd.","","No.5 Keyuan Road  South Building , Shenzhen, GD, 518057, CN","","AWSDataTransfer","AWS Data Transfer","Amazon Web Services, Inc.","APN1-USW2-AWS-In-Bytes",,"3510973","$0.00 per GB - Asia Pacific (Tokyo) data transfer from US West (Oregon)","2015/05/01 00:00:00","2015/05/31 23:59:59","0.00240973",,"USD","0.00","0.0","0.000000","None","0.000000"
"Estimated","102964196778","","PayerLineItem","5600000000251686550","2015/05/01 00:00:00","2015/05/31 23:59:59","2015/05/19 19:21:12","TP-LINK Technologies Co., Ltd.","","No.5 Keyuan Road  South Building , Shenzhen, GD, 518057, CN","","AmazonEC2","Amazon Elastic Compute Cloud","Amazon Web Services, Inc.","EU-DataProcessing-Bytes","LoadBalancing","4870391","$0.008 per GB Data Processed by the LoadBalancer","2015/05/01 00:00:00","2015/05/31 23:59:59","639.76913652",,"USD","5.12","0.0","0.000000","None","5.120000"
"Estimated","102964196778","","PayerLineItem","5600000000251686551","2015/05/01 00:00:00","2015/05/31 23:59:59","2015/05/19 19:21:12","TP-LINK Technologies Co., Ltd.","","No.5 Keyuan Road  South Building , Shenzhen, GD, 518057, CN","","AmazonCloudFront","Amazon CloudFront","Amazon Web Services, Inc.","AP-DataTransfer-Out-Bytes",,"3506629","$0.140 per GB - first 10 TB / month data transfer out","2015/05/01 00:00:00","2015/05/31 23:59:59","19.22242319",,"USD","2.69","0.0","0.000000","None","2.690000"
"Estimated","102964196778","","PayerLineItem","5600000000253582272","2015/05/01 00:00:00","2015/05/31 23:59:59","2015/05/19 19:21:12","TP-LINK Technologies Co., Ltd.","","No.5 Keyuan Road  South Building , Shenzhen, GD, 518057, CN","","AWSDataTransfer","AWS Data Transfer","Amazon Web Services, Inc.","APS2-EU-AWS-In-Bytes",,"3510792","$0.00 per GB - Asia Pacific (Sydney) data transfer from EU (Ireland)","2015/05/01 00:00:00","2015/05/31 23:59:59","0.00158774",,"USD","0.00","0.0","0.000000","None","0.000000"
"Estimated","102964196778","","PayerLineItem","5600000000251686552","2015/05/01 00:00:00","2015/05/31 23:59:59","2015/05/19 19:21:12","TP-LINK Technologies Co., Ltd.","","No.5 Keyuan Road  South Building , Shenzhen, GD, 518057, CN","","AmazonEC2","Amazon Elastic Compute Cloud","Amazon Web Services, Inc.","BoxUsage:c3.large","RunInstances","4870651","$0.105 per On Demand Linux c3.large Instance Hour","2015/05/01 00:00:00","2015/05/31 23:59:59","896.0",,"USD","94.08","0.0","0.000000","None","94.080000"
"Estimated","102964196778","","PayerLineItem","5600000000251686553","2015/05/01 00:00:00","2015/05/31 23:59:59","2015/05/19 19:21:12","TP-LINK Technologies Co., Ltd.","","No.5 Keyuan Road  South Building , Shenzhen, GD, 518057, CN","","AWSDataTransfer","AWS Data Transfer","Amazon Web Services, Inc.","USE1-EU-AWS-In-Bytes",,"3510822","$0.00 per GB - US East (Northern Virginia) data transfer from EU (Ireland)","2015/05/01 00:00:00","2015/05/31 23:59:59","0.00340482",,"USD","0.00","0.0","0.000000","None","0.000000"
"Estimated","102964196778","","PayerLineItem","5600000000251686554","2015/05/01 00:00:00","2015/05/31 23:59:59","2015/05/19 19:21:12","TP-LINK Technologies Co., Ltd.","","No.5 Keyuan Road  South Building , Shenzhen, GD, 518057, CN","","AmazonDynamoDB","Amazon DynamoDB","Amazon Web Services, Inc.","APS1-TimedStorage-ByteHrs",,"3717234","$0.00 per GB-Month of storage for first 25 free GB-Months","2015/05/01 00:00:00","2015/05/31 23:59:59","0.00746225",,"USD","0.00","0.0","0.000000","None","0.000000"
"Estimated","102964196778","","PayerLineItem","5600000000253493415","2015/05/01 00:00:00","2015/05/31 23:59:59","2015/05/19 19:21:12","TP-LINK Technologies Co., Ltd.","","No.5 Keyuan Road  South Building , Shenzhen, GD, 518057, CN","","AmazonEC2","Amazon Elastic Compute Cloud","Amazon Web Services, Inc.","USW2-CW:Requests",,"4870375","$0.01 per 1,000 requests","2015/05/01 00:00:00","2015/05/31 23:59:59","947.0",,"USD","0.01","0.0","0.000000","None","0.010000"
"Estimated","102964196778","","PayerLineItem","5600000000251686555","2015/05/01 00:00:00","2015/05/31 23:59:59","2015/05/19 19:21:12","TP-LINK Technologies Co., Ltd.","","No.5 Keyuan Road  South Building , Shenzhen, GD, 518057, CN","","AWSDataTransfer","AWS Data Transfer","Amazon Web Services, Inc.","EU-USW2-AWS-Out-Bytes",,"3510783","$0.02 per GB - EU (Ireland) data transfer to US West (Oregon)","2015/05/01 00:00:00","2015/05/31 23:59:59","0.00111132",,"USD","0.01","0.0","0.000000","None","0.010000"
"Estimated","102964196778","","PayerLineItem","5600000000251686556","2015/05/01 00:00:00","2015/05/31 23:59:59","2015/05/19 19:21:12","TP-LINK Technologies Co., Ltd.","","No.5 Keyuan Road  South Building , Shenzhen, GD, 518057, CN","","AWSDataTransfer","AWS Data Transfer","Amazon Web Services, Inc.","USE1-UGW1-AWS-Out-Bytes",,"3510831","$0.02 per GB - US East (Northern Virginia) data transfer to AWS GovCloud (US)","2015/05/01 00:00:00","2015/05/31 23:59:59","0.00023918",,"USD","0.01","0.0","0.000000","None","0.010000"
"Estimated","102964196778","","PayerLineItem","5600000000256042296","2015/05/01 00:00:00","2015/05/31 23:59:59","2015/05/19 19:21:12","TP-LINK Technologies Co., Ltd.","","No.5 Keyuan Road  South Building , Shenzhen, GD, 518057, CN","","AmazonEC2","Amazon Elastic Compute Cloud","Amazon Web Services, Inc.","EU-CW:Requests",,"4870371","$0.01 per 1,000 requests","2015/05/01 00:00:00","2015/05/31 23:59:59","600805.0",,"USD","6.01","0.0","0.000000","None","6.010000"
"Estimated","102964196778","","PayerLineItem","5600000000256016920","2015/05/01 00:00:00","2015/05/31 23:59:59","2015/05/19 19:21:12","TP-LINK Technologies Co., Ltd.","","No.5 Keyuan Road  South Building , Shenzhen, GD, 518057, CN","","AWSDataTransfer","AWS Data Transfer","Amazon Web Services, Inc.","APN1-EUC1-AWS-In-Bytes",,"3510985","$0.00 per GB - Asia Pacific (Tokyo) data transfer from EUC1 (FRA)","2015/05/01 00:00:00","2015/05/31 23:59:59","0.00003065",,"USD","0.00","0.0","0.000000","None","0.000000"
"Estimated","102964196778","","PayerLineItem","5600000000251686557","2015/05/01 00:00:00","2015/05/31 23:59:59","2015/05/19 19:21:12","TP-LINK Technologies Co., Ltd.","","No.5 Keyuan Road  South Building , Shenzhen, GD, 518057, CN","","AmazonRDS","Amazon RDS Service","Amazon Web Services, Inc.","APS1-RDS:GP2-Storage","CreateDBInstance","3312780","$0.138 per GB-month of provisioned GP2 storage","2015/05/01 00:00:00","2015/05/31 23:59:59","6.02150528",,"USD","0.83","0.0","0.000000","None","0.830000"
"Estimated","102964196778","","PayerLineItem","5600000000251859425","2015/05/01 00:00:00","2015/05/31 23:59:59","2015/05/19 19:21:12","TP-LINK Technologies Co., Ltd.","","No.5 Keyuan Road  South Building , Shenzhen, GD, 518057, CN","","awskms","AWS Key Management Service","Amazon Web Services, Inc.","ap-southeast-1-KMS-Requests",,"4913687","$0.00 per request - Monthly Global Free Tier for KMS requests","2015/05/01 00:00:00","2015/05/31 23:59:59","12.0",,"USD","0.00","0.0","0.000000","None","0.000000"
"Estimated","102964196778","","PayerLineItem","5600000000251686558","2015/05/01 00:00:00","2015/05/31 23:59:59","2015/05/19 19:21:12","TP-LINK Technologies Co., Ltd.","","No.5 Keyuan Road  South Building , Shenzhen, GD, 518057, CN","","AmazonEC2","Amazon Elastic Compute Cloud","Amazon Web Services, Inc.","APS1-LoadBalancerUsage","LoadBalancing","4870378","$0.028 per LoadBalancer-hour (or partial hour)","2015/05/01 00:00:00","2015/05/31 23:59:59","5884.0",,"USD","164.75","0.0","0.000000","None","164.750000"
"Estimated","102964196778","","PayerLineItem","5600000000251686559","2015/05/01 00:00:00","2015/05/31 23:59:59","2015/05/19 19:21:12","TP-LINK Technologies Co., Ltd.","","No.5 Keyuan Road  South Building , Shenzhen, GD, 518057, CN","","AmazonEC2","Amazon Elastic Compute Cloud","Amazon Web Services, Inc.","APN1-EBS:VolumeIOUsage",,"4870204","$0.08 per 1 million I/O requests - Asia Pacific (Tokyo)","2015/05/01 00:00:00","2015/05/31 23:59:59","173632.0",,"USD","0.01","0.0","0.000000","None","0.010000"
"Estimated","102964196778","","PayerLineItem","5600000000254387092","2015/05/01 00:00:00","2015/05/31 23:59:59","2015/05/19 19:21:12","TP-LINK Technologies Co., Ltd.","","No.5 Keyuan Road  South Building , Shenzhen, GD, 518057, CN","","AmazonEC2","Amazon Elastic Compute Cloud","Amazon Web Services, Inc.","EUC1-EBS:SnapshotUsage",,"4870175","$0.103 per GB-Month of snapshot data stored - EU (Frankfurt)","2015/05/01 00:00:00","2015/05/31 23:59:59","3.87414252",,"USD","0.40","0.0","0.000000","None","0.400000"
"Estimated","102964196778","","PayerLineItem","5600000000251686560","2015/05/01 00:00:00","2015/05/31 23:59:59","2015/05/19 19:21:12","TP-LINK Technologies Co., Ltd.","","No.5 Keyuan Road  South Building , Shenzhen, GD, 518057, CN","","AWSDataTransfer","AWS Data Transfer","Amazon Web Services, Inc.","APS1-EU-AWS-Out-Bytes",,"3510809","$0.09 per GB - Asia Pacific (Singapore) data transfer to EU (Ireland)","2015/05/01 00:00:00","2015/05/31 23:59:59","0.2963638",,"USD","0.03","0.0","0.000000","None","0.030000"
"Estimated","102964196778","","PayerLineItem","5600000000251686561","2015/05/01 00:00:00","2015/05/31 23:59:59","2015/05/19 19:21:12","TP-LINK Technologies Co., Ltd.","","No.5 Keyuan Road  South Building , Shenzhen, GD, 518057, CN","","AWSDataTransfer","AWS Data Transfer","Amazon Web Services, Inc.","APN1-CloudFront-Out-Bytes",,"3510745","$0.00 per GB data transfer out of Asia Pacific (Tokyo) to CloudFront","2015/05/01 00:00:00","2015/05/31 23:59:59","3.88369202",,"USD","0.00","0.0","0.000000","None","0.000000"
"Estimated","102964196778","","PayerLineItem","5600000000251686562","2015/05/01 00:00:00","2015/05/31 23:59:59","2015/05/19 19:21:12","TP-LINK Technologies Co., Ltd.","","No.5 Keyuan Road  South Building , Shenzhen, GD, 518057, CN","","AmazonRoute53","Amazon Route 53","Amazon Web Services, Inc.","DNS-Queries",,"3035133","$0.40 per 1,000,000 queries for the first 1 Billion queries","2015/05/01 00:00:00","2015/05/31 23:59:59","117155731",,"USD","46.86","0.0","0.000000","None","46.860000"
"Estimated","102964196778","","PayerLineItem","5600000000251686563","2015/05/01 00:00:00","2015/05/31 23:59:59","2015/05/19 19:21:12","TP-LINK Technologies Co., Ltd.","","No.5 Keyuan Road  South Building , Shenzhen, GD, 518057, CN","","AWSDataTransfer","AWS Data Transfer","Amazon Web Services, Inc.","APN1-APS1-AWS-In-Bytes",,"3510979","$0.00 per GB - Asia Pacific (Tokyo) data transfer from Asia Pacific (Singapore)","2015/05/01 00:00:00","2015/05/31 23:59:59","0.41078797",,"USD","0.00","0.0","0.000000","None","0.000000"
"Estimated","102964196778","","PayerLineItem","5600000000251686564","2015/05/01 00:00:00","2015/05/31 23:59:59","2015/05/19 19:21:12","TP-LINK Technologies Co., Ltd.","","No.5 Keyuan Road  South Building , Shenzhen, GD, 518057, CN","","AWSDataTransfer","AWS Data Transfer","Amazon Web Services, Inc.","APS1-USW1-AWS-Out-Bytes",,"3510990","$0.09 per GB - Asia Pacific (Singapore) data transfer to US West (Northern California)","2015/05/01 00:00:00","2015/05/31 23:59:59","0.00504033",,"USD","0.01","0.0","0.000000","None","0.010000"
"Estimated","102964196778","","PayerLineItem","5600000000251686565","2015/05/01 00:00:00","2015/05/31 23:59:59","2015/05/19 19:21:12","TP-LINK Technologies Co., Ltd.","","No.5 Keyuan Road  South Building , Shenzhen, GD, 518057, CN","","AmazonEC2","Amazon Elastic Compute Cloud","Amazon Web Services, Inc.","EU-BoxUsage:t2.micro","RunInstances","4869724","$0.014 per On Demand Linux t2.micro Instance Hour","2015/05/01 00:00:00","2015/05/31 23:59:59","4032.0",,"USD","56.45","0.0","0.000000","None","56.450000"
"Estimated","102964196778","","PayerLineItem","5600000000251686566","2015/05/01 00:00:00","2015/05/31 23:59:59","2015/05/19 19:21:12","TP-LINK Technologies Co., Ltd.","","No.5 Keyuan Road  South Building , Shenzhen, GD, 518057, CN","","AmazonS3","Amazon Simple Storage Service","Amazon Web Services, Inc.","Requests-Tier1",,"3309725","$0.005 per 1,000 PUT, COPY, POST, or LIST requests","2015/05/01 00:00:00","2015/05/31 23:59:59","337.0",,"USD","0.01","0.0","0.000000","None","0.010000"
"Estimated","102964196778","","PayerLineItem","5600000000251686567","2015/05/01 00:00:00","2015/05/31 23:59:59","2015/05/19 19:21:12","TP-LINK Technologies Co., Ltd.","","No.5 Keyuan Road  South Building , Shenzhen, GD, 518057, CN","","AmazonRoute53","Amazon Route 53","Amazon Web Services, Inc.","Intra-AWS-LBR-Queries",,"3035137","Queries to LBR Alias records are free of charge","2015/05/01 00:00:00","2015/05/31 23:59:59","5518257.0",,"USD","0.00","0.0","0.000000","None","0.000000"
"Estimated","102964196778","","PayerLineItem","5600000000251686568","2015/05/01 00:00:00","2015/05/31 23:59:59","2015/05/19 19:21:12","TP-LINK Technologies Co., Ltd.","","No.5 Keyuan Road  South Building , Shenzhen, GD, 518057, CN","","AmazonEC2","Amazon Elastic Compute Cloud","Amazon Web Services, Inc.","APN1-BoxUsage:t2.micro","RunInstances","4869160","$0.020 per On Demand Linux t2.micro Instance Hour","2015/05/01 00:00:00","2015/05/31 23:59:59","1792.0",,"USD","35.84","0.0","0.000000","None","35.840000"
"Estimated","102964196778","","PayerLineItem","5600000000251686569","2015/05/01 00:00:00","2015/05/31 23:59:59","2015/05/19 19:21:12","TP-LINK Technologies Co., Ltd.","","No.5 Keyuan Road  South Building , Shenzhen, GD, 518057, CN","","AmazonRoute53","Amazon Route 53","Amazon Web Services, Inc.","Intra-AWS-DNS-Queries",,"3035136","Queries to Alias records are free of charge","2015/05/01 00:00:00","2015/05/31 23:59:59","1522259.0",,"USD","0.00","0.0","0.000000","None","0.000000"
"Estimated","102964196778","","PayerLineItem","5600000000251686571","2015/05/01 00:00:00","2015/05/31 23:59:59","2015/05/19 19:21:12","TP-LINK Technologies Co., Ltd.","","No.5 Keyuan Road  South Building , Shenzhen, GD, 518057, CN","","AmazonCloudFront","Amazon CloudFront","Amazon Web Services, Inc.","EU-Requests-Tier2-HTTPS",,"3506630","$0.0120 per 10,000 HTTPS Requests","2015/05/01 00:00:00","2015/05/31 23:59:59","75143.0",,"USD","0.09","0.0","0.000000","None","0.090000"
"Estimated","102964196778","","PayerLineItem","5600000000251686572","2015/05/01 00:00:00","2015/05/31 23:59:59","2015/05/19 19:21:12","TP-LINK Technologies Co., Ltd.","","No.5 Keyuan Road  South Building , Shenzhen, GD, 518057, CN","","AmazonElastiCache","Amazon ElastiCache","Amazon Web Services, Inc.","APS1-NodeUsage:cache.t2.micro","CreateCacheCluster:0001","3816045","$0.022 per T2 Micro Cache node-hour (or partial hour) running Memcached","2015/05/01 00:00:00","2015/05/31 23:59:59","1344.0",,"USD","29.57","0.0","0.000000","None","29.570000"
"Estimated","102964196778","","PayerLineItem","5600000000251686573","2015/05/01 00:00:00","2015/05/31 23:59:59","2015/05/19 19:21:12","TP-LINK Technologies Co., Ltd.","","No.5 Keyuan Road  South Building , Shenzhen, GD, 518057, CN","","AmazonRDS","Amazon RDS Service","Amazon Web Services, Inc.","APS1-RDS:StorageIOUsage",,"3314254","$0.11 per 1 million I/O requests","2015/05/01 00:00:00","2015/05/31 23:59:59","604818.0",,"USD","0.07","0.0","0.000000","None","0.070000"
"Estimated","102964196778","","PayerLineItem","5600000000251686574","2015/05/01 00:00:00","2015/05/31 23:59:59","2015/05/19 19:21:12","TP-LINK Technologies Co., Ltd.","","No.5 Keyuan Road  South Building , Shenzhen, GD, 518057, CN","","AWSDataTransfer","AWS Data Transfer","Amazon Web Services, Inc.","APS1-USW2-AWS-Out-Bytes",,"3510992","$0.09 per GB - Asia Pacific (Singapore) data transfer to US West (Oregon)","2015/05/01 00:00:00","2015/05/31 23:59:59","0.01262088",,"USD","0.01","0.0","0.000000","None","0.010000"
"Estimated","102964196778","","PayerLineItem","5600000000253369492","2015/05/01 00:00:00","2015/05/31 23:59:59","2015/05/19 19:21:12","TP-LINK Technologies Co., Ltd.","","No.5 Keyuan Road  South Building , Shenzhen, GD, 518057, CN","","AWSDataTransfer","AWS Data Transfer","Amazon Web Services, Inc.","APS2-USW1-AWS-In-Bytes",,"3510804","$0.00 per GB - Asia Pacific (Sydney) data transfer from US West (Northern California)","2015/05/01 00:00:00","2015/05/31 23:59:59","1.4E-7",,"USD","0.00","0.0","0.000000","None","0.000000"
"Estimated","102964196778","","PayerLineItem","5600000000251686575","2015/05/01 00:00:00","2015/05/31 23:59:59","2015/05/19 19:21:12","TP-LINK Technologies Co., Ltd.","","No.5 Keyuan Road  South Building , Shenzhen, GD, 518057, CN","","AWSDataTransfer","AWS Data Transfer","Amazon Web Services, Inc.","APN1-SAE1-AWS-In-Bytes",,"3510977","$0.00 per GB - Asia Pacific (Tokyo) data transfer from South America (Sao Paulo)","2015/05/01 00:00:00","2015/05/31 23:59:59","0.00094823",,"USD","0.00","0.0","0.000000","None","0.000000"
"Estimated","102964196778","","PayerLineItem","5600000000251686577","2015/05/01 00:00:00","2015/05/31 23:59:59","2015/05/19 19:21:12","TP-LINK Technologies Co., Ltd.","","No.5 Keyuan Road  South Building , Shenzhen, GD, 518057, CN","","AmazonCloudFront","Amazon CloudFront","Amazon Web Services, Inc.","US-Requests-Tier2-HTTPS",,"3506644","$0.0100 per 10,000 HTTPS Requests","2015/05/01 00:00:00","2015/05/31 23:59:59","10953.0",,"USD","0.01","0.0","0.000000","None","0.010000"
"Estimated","102964196778","","PayerLineItem","5600000000251686578","2015/05/01 00:00:00","2015/05/31 23:59:59","2015/05/19 19:21:12","TP-LINK Technologies Co., Ltd.","","No.5 Keyuan Road  South Building , Shenzhen, GD, 518057, CN","","AWSDataTransfer","AWS Data Transfer","Amazon Web Services, Inc.","APS1-USW2-AWS-In-Bytes",,"3510991","$0.00 per GB - Asia Pacific (Singapore) data transfer from US West (Oregon)","2015/05/01 00:00:00","2015/05/31 23:59:59","0.00599442",,"USD","0.00","0.0","0.000000","None","0.000000"
"Estimated","102964196778","","PayerLineItem","5600000000251686579","2015/05/01 00:00:00","2015/05/31 23:59:59","2015/05/19 19:21:12","TP-LINK Technologies Co., Ltd.","","No.5 Keyuan Road  South Building , Shenzhen, GD, 518057, CN","","AmazonEC2","Amazon Elastic Compute Cloud","Amazon Web Services, Inc.","APS1-EBS:VolumeUsage.gp2",,"4870194","$0.12 per GB-month of General Purpose (SSD) provisioned storage - Asia Pacific (Singapore)","2015/05/01 00:00:00","2015/05/31 23:59:59","268.02957032",,"USD","32.16","0.0","0.000000","None","32.160000"
"Estimated","102964196778","","PayerLineItem","5600000000251686580","2015/05/01 00:00:00","2015/05/31 23:59:59","2015/05/19 19:21:12","TP-LINK Technologies Co., Ltd.","","No.5 Keyuan Road  South Building , Shenzhen, GD, 518057, CN","","AmazonEC2","Amazon Elastic Compute Cloud","Amazon Web Services, Inc.","APS1-BoxUsage","RunInstances","4869108","$0.058 per On Demand Linux m1.small Instance Hour","2015/05/01 00:00:00","2015/05/31 23:59:59","448.0",,"USD","25.98","0.0","0.000000","None","25.980000"
"Estimated","102964196778","","PayerLineItem","5600000000251686581","2015/05/01 00:00:00","2015/05/31 23:59:59","2015/05/19 19:21:12","TP-LINK Technologies Co., Ltd.","","No.5 Keyuan Road  South Building , Shenzhen, GD, 518057, CN","","AWSDataTransfer","AWS Data Transfer","Amazon Web Services, Inc.","EU-APS1-AWS-In-Bytes",,"3510776","$0.00 per GB - EU (Ireland) data transfer from Asia Pacific (Singapore)","2015/05/01 00:00:00","2015/05/31 23:59:59","0.02754032",,"USD","0.00","0.0","0.000000","None","0.000000"
"Estimated","102964196778","","PayerLineItem","5600000000251686582","2015/05/01 00:00:00","2015/05/31 23:59:59","2015/05/19 19:21:12","TP-LINK Technologies Co., Ltd.","","No.5 Keyuan Road  South Building , Shenzhen, GD, 518057, CN","","AWSDataTransfer","AWS Data Transfer","Amazon Web Services, Inc.","APN1-UGW1-AWS-Out-Bytes",,"3510976","$0.09 per GB - Asia Pacific (Tokyo) data transfer to AWS GovCloud (US)","2015/05/01 00:00:00","2015/05/31 23:59:59","0.00041273",,"USD","0.01","0.0","0.000000","None","0.010000"
"Estimated","102964196778","","PayerLineItem","5600000000251686583","2015/05/01 00:00:00","2015/05/31 23:59:59","2015/05/19 19:21:12","TP-LINK Technologies Co., Ltd.","","No.5 Keyuan Road  South Building , Shenzhen, GD, 518057, CN","","AWSDataTransfer","AWS Data Transfer","Amazon Web Services, Inc.","EU-USW1-AWS-Out-Bytes",,"3510785","$0.02 per GB - EU (Ireland) data transfer to US West (Northern California)","2015/05/01 00:00:00","2015/05/31 23:59:59","0.00083157",,"USD","0.01","0.0","0.000000","None","0.010000"
"Estimated","102964196778","","PayerLineItem","5600000000251686584","2015/05/01 00:00:00","2015/05/31 23:59:59","2015/05/19 19:21:12","TP-LINK Technologies Co., Ltd.","","No.5 Keyuan Road  South Building , Shenzhen, GD, 518057, CN","","AWSDataTransfer","AWS Data Transfer","Amazon Web Services, Inc.","APS1-DataTransfer-Out-Bytes",,"3510887","$0.000 per GB - first 1 GB of data transferred out per month","2015/05/01 00:00:00","2015/05/31 23:59:59","1.0",,"USD","0.00","0.0","0.000000","None","0.000000"
"Estimated","102964196778","","PayerLineItem","5600000000251686585","2015/05/01 00:00:00","2015/05/31 23:59:59","2015/05/19 19:21:12","TP-LINK Technologies Co., Ltd.","","No.5 Keyuan Road  South Building , Shenzhen, GD, 518057, CN","","AmazonEC2","Amazon Elastic Compute Cloud","Amazon Web Services, Inc.","APN1-BoxUsage:t2.small","RunInstances","4869154","$0.040 per On Demand Linux t2.small Instance Hour","2015/05/01 00:00:00","2015/05/31 23:59:59","447.0",,"USD","17.88","0.0","0.000000","None","17.880000"
"Estimated","102964196778","","PayerLineItem","5600000000251686586","2015/05/01 00:00:00","2015/05/31 23:59:59","2015/05/19 19:21:12","TP-LINK Technologies Co., Ltd.","","No.5 Keyuan Road  South Building , Shenzhen, GD, 518057, CN","","AWSDataTransfer","AWS Data Transfer","Amazon Web Services, Inc.","USE1-USW2-AWS-Out-Bytes",,"3510833","$0.02 per GB - US East (Northern Virginia) data transfer to US West (Oregon)","2015/05/01 00:00:00","2015/05/31 23:59:59","0.00057287",,"USD","0.01","0.0","0.000000","None","0.010000"
"Estimated","102964196778","","PayerLineItem","5600000000249839745","2015/05/01 00:00:00","2015/05/31 23:59:59","2015/05/19 19:21:12","TP-LINK Technologies Co., Ltd.","","No.5 Keyuan Road  South Building , Shenzhen, GD, 518057, CN","","AmazonEC2","Amazon Elastic Compute Cloud","Amazon Web Services, Inc.","EBS:VolumeUsage.gp2",,"4870182","$0.10 per GB-month of General Purpose (SSD) provisioned storage - US East (Northern Virginia)","2015/05/01 00:00:00","2015/05/31 23:59:59","70.8064505",,"USD","7.08","0.0","0.000000","None","7.080000"
"Estimated","102964196778","","PayerLineItem","5600000000251686587","2015/05/01 00:00:00","2015/05/31 23:59:59","2015/05/19 19:21:12","TP-LINK Technologies Co., Ltd.","","No.5 Keyuan Road  South Building , Shenzhen, GD, 518057, CN","","AWSDataTransfer","AWS Data Transfer","Amazon Web Services, Inc.","EU-APS2-AWS-In-Bytes",,"3510774","$0.00 per GB - EU (Ireland) data transfer from Asia Pacific (Sydney)","2015/05/01 00:00:00","2015/05/31 23:59:59","0.00145616",,"USD","0.00","0.0","0.000000","None","0.000000"
"Estimated","102964196778","","PayerLineItem","5600000000251686588","2015/05/01 00:00:00","2015/05/31 23:59:59","2015/05/19 19:21:12","TP-LINK Technologies Co., Ltd.","","No.5 Keyuan Road  South Building , Shenzhen, GD, 518057, CN","","AWSDataTransfer","AWS Data Transfer","Amazon Web Services, Inc.","USE1-APS2-AWS-In-Bytes",,"3510824","$0.00 per GB - US East (Northern Virginia) data transfer from Asia Pacific (Sydney)","2015/05/01 00:00:00","2015/05/31 23:59:59","0.00053705",,"USD","0.00","0.0","0.000000","None","0.000000"
"Estimated","102964196778","","PayerLineItem","5600000000251686589","2015/05/01 00:00:00","2015/05/31 23:59:59","2015/05/19 19:21:12","TP-LINK Technologies Co., Ltd.","","No.5 Keyuan Road  South Building , Shenzhen, GD, 518057, CN","","AWSDataTransfer","AWS Data Transfer","Amazon Web Services, Inc.","USE1-APS1-AWS-In-Bytes",,"3510826","$0.00 per GB - US East (Northern Virginia) data transfer from Asia Pacific (Singapore)","2015/05/01 00:00:00","2015/05/31 23:59:59","0.02579612",,"USD","0.00","0.0","0.000000","None","0.000000"
"Estimated","102964196778","","PayerLineItem","5600000000251686590","2015/05/01 00:00:00","2015/05/31 23:59:59","2015/05/19 19:21:12","TP-LINK Technologies Co., Ltd.","","No.5 Keyuan Road  South Building , Shenzhen, GD, 518057, CN","","AmazonElastiCache","Amazon ElastiCache","Amazon Web Services, Inc.","APS1-NodeUsage:cache.m3.medium","CreateCacheCluster:0001","3816052","$0.12 per  Enhanced Medium Cache node-hour (or partial hour) running Memcached","2015/05/01 00:00:00","2015/05/31 23:59:59","896.0",,"USD","107.52","0.0","0.000000","None","107.520000"
"Estimated","102964196778","","PayerLineItem","5600000000251686591","2015/05/01 00:00:00","2015/05/31 23:59:59","2015/05/19 19:21:12","TP-LINK Technologies Co., Ltd.","","No.5 Keyuan Road  South Building , Shenzhen, GD, 518057, CN","","AWSDataTransfer","AWS Data Transfer","Amazon Web Services, Inc.","EU-USE1-AWS-Out-Bytes",,"3510787","$0.02 per GB - EU (Ireland) data transfer to US East (Northern Virginia)","2015/05/01 00:00:00","2015/05/31 23:59:59","0.01847491",,"USD","0.01","0.0","0.000000","None","0.010000"
"Estimated","102964196778","","PayerLineItem","5600000000251686592","2015/05/01 00:00:00","2015/05/31 23:59:59","2015/05/19 19:21:12","TP-LINK Technologies Co., Ltd.","","No.5 Keyuan Road  South Building , Shenzhen, GD, 518057, CN","","AWSDataTransfer","AWS Data Transfer","Amazon Web Services, Inc.","APS1-SAE1-AWS-Out-Bytes",,"3510996","$0.09 per GB - Asia Pacific (Singapore) data transfer to South America (Sao Paulo)","2015/05/01 00:00:00","2015/05/31 23:59:59","0.00087222",,"USD","0.01","0.0","0.000000","None","0.010000"
"Estimated","102964196778","","PayerLineItem","5600000000251686593","2015/05/01 00:00:00","2015/05/31 23:59:59","2015/05/19 19:21:12","TP-LINK Technologies Co., Ltd.","","No.5 Keyuan Road  South Building , Shenzhen, GD, 518057, CN","","AmazonDynamoDB","Amazon DynamoDB","Amazon Web Services, Inc.","WriteCapacityUnit-Hrs","CommittedThroughput","3717203","$0.00 per hour for 25 units of write capacity for a month (free tier)","2015/05/01 00:00:00","2015/05/31 23:59:59","18600.0",,"USD","0.00","0.0","0.000000","None","0.000000"
"Estimated","102964196778","","PayerLineItem","5600000000251808522","2015/05/01 00:00:00","2015/05/31 23:59:59","2015/05/19 19:21:12","TP-LINK Technologies Co., Ltd.","","No.5 Keyuan Road  South Building , Shenzhen, GD, 518057, CN","","AWSDataTransfer","AWS Data Transfer","Amazon Web Services, Inc.","APS1-EUC1-AWS-In-Bytes",,"3510808","$0.00 per GB - Asia Pacific (Singapore) data transfer from EUC1 (FRA)","2015/05/01 00:00:00","2015/05/31 23:59:59","0.00040529",,"USD","0.00","0.0","0.000000","None","0.000000"
"Estimated","102964196778","","PayerLineItem","5600000000251686594","2015/05/01 00:00:00","2015/05/31 23:59:59","2015/05/19 19:21:12","TP-LINK Technologies Co., Ltd.","","No.5 Keyuan Road  South Building , Shenzhen, GD, 518057, CN","","AmazonEC2","Amazon Elastic Compute Cloud","Amazon Web Services, Inc.","APS1-ElasticIP:IdleAddress",,"4870404","$0.005 per Elastic IP address not attached to a running instance per hour (prorated)","2015/05/01 00:00:00","2015/05/31 23:59:59","1313.4",,"USD","6.57","0.0","0.000000","None","6.570000"
"Estimated","102964196778","","PayerLineItem","5600000000251686595","2015/05/01 00:00:00","2015/05/31 23:59:59","2015/05/19 19:21:12","TP-LINK Technologies Co., Ltd.","","No.5 Keyuan Road  South Building , Shenzhen, GD, 518057, CN","","AmazonEC2","Amazon Elastic Compute Cloud","Amazon Web Services, Inc.","EU-CW:MetricMonitorUsage",,"4870355","$0.00 per metric-month - first 10 metrics","2015/05/01 00:00:00","2015/05/31 23:59:59","4.2056442",,"USD","0.00","0.0","0.000000","None","0.000000"
"Estimated","102964196778","","PayerLineItem","5600000000251686596","2015/05/01 00:00:00","2015/05/31 23:59:59","2015/05/19 19:21:12","TP-LINK Technologies Co., Ltd.","","No.5 Keyuan Road  South Building , Shenzhen, GD, 518057, CN","","AWSDataTransfer","AWS Data Transfer","Amazon Web Services, Inc.","USE1-UGW1-AWS-In-Bytes",,"3510832","$0.00 per GB - US East (Northern Virginia) data transfer from AWS GovCloud (US)","2015/05/01 00:00:00","2015/05/31 23:59:59","0.00048556",,"USD","0.00","0.0","0.000000","None","0.000000"
"Estimated","102964196778","","PayerLineItem","5600000000251686597","2015/05/01 00:00:00","2015/05/31 23:59:59","2015/05/19 19:21:12","TP-LINK Technologies Co., Ltd.","","No.5 Keyuan Road  South Building , Shenzhen, GD, 518057, CN","","AWSDataTransfer","AWS Data Transfer","Amazon Web Services, Inc.","USE1-APS2-AWS-Out-Bytes",,"3510823","$0.02 per GB - US East (Northern Virginia) data transfer to Asia Pacific (Sydney)","2015/05/01 00:00:00","2015/05/31 23:59:59","0.00023876",,"USD","0.01","0.0","0.000000","None","0.010000"
"Estimated","102964196778","","PayerLineItem","5600000000251686598","2015/05/01 00:00:00","2015/05/31 23:59:59","2015/05/19 19:21:12","TP-LINK Technologies Co., Ltd.","","No.5 Keyuan Road  South Building , Shenzhen, GD, 518057, CN","","AmazonEC2","Amazon Elastic Compute Cloud","Amazon Web Services, Inc.","APN1-BoxUsage","RunInstances","4869414","$0.061 per On Demand Linux m1.small Instance Hour","2015/05/01 00:00:00","2015/05/31 23:59:59","448.0",,"USD","27.33","0.0","0.000000","None","27.330000"
"Estimated","102964196778","","PayerLineItem","5600000000251686599","2015/05/01 00:00:00","2015/05/31 23:59:59","2015/05/19 19:21:12","TP-LINK Technologies Co., Ltd.","","No.5 Keyuan Road  South Building , Shenzhen, GD, 518057, CN","","AmazonDynamoDB","Amazon DynamoDB","Amazon Web Services, Inc.","USW1-ReadCapacityUnit-Hrs","CommittedThroughput","3717244","$0.00 per hour for 25 units of read capacity for a month (free tier)","2015/05/01 00:00:00","2015/05/31 23:59:59","894.0",,"USD","0.00","0.0","0.000000","None","0.000000"
"Estimated","102964196778","","PayerLineItem","5600000000251686600","2015/05/01 00:00:00","2015/05/31 23:59:59","2015/05/19 19:21:12","TP-LINK Technologies Co., Ltd.","","No.5 Keyuan Road  South Building , Shenzhen, GD, 518057, CN","","AmazonEC2","Amazon Elastic Compute Cloud","Amazon Web Services, Inc.","APS1-BoxUsage:t1.micro","RunInstances","4868853","$0.020 per On Demand Linux t1.micro Instance Hour","2015/05/01 00:00:00","2015/05/31 23:59:59","3216.0",,"USD","64.32","0.0","0.000000","None","64.320000"
"Estimated","102964196778","","PayerLineItem","5600000000251686601","2015/05/01 00:00:00","2015/05/31 23:59:59","2015/05/19 19:21:12","TP-LINK Technologies Co., Ltd.","","No.5 Keyuan Road  South Building , Shenzhen, GD, 518057, CN","","AmazonEC2","Amazon Elastic Compute Cloud","Amazon Web Services, Inc.","LoadBalancerUsage","LoadBalancing","4870381","$0.025 per LoadBalancer-hour (or partial hour)","2015/05/01 00:00:00","2015/05/31 23:59:59","2610.0",,"USD","65.25","0.0","0.000000","None","65.250000"
"Estimated","102964196778","","PayerLineItem","5600000000251686602","2015/05/01 00:00:00","2015/05/31 23:59:59","2015/05/19 19:21:12","TP-LINK Technologies Co., Ltd.","","No.5 Keyuan Road  South Building , Shenzhen, GD, 518057, CN","","AWSDataTransfer","AWS Data Transfer","Amazon Web Services, Inc.","APS2-USE1-AWS-Out-Bytes",,"3510805","$0.14 per GB - Asia Pacific (Sydney) data transfer to US East (Northern Virginia)","2015/05/01 00:00:00","2015/05/31 23:59:59","0.00000917",,"USD","0.01","0.0","0.000000","None","0.010000"
"Estimated","102964196778","","PayerLineItem","5600000000251686603","2015/05/01 00:00:00","2015/05/31 23:59:59","2015/05/19 19:21:12","TP-LINK Technologies Co., Ltd.","","No.5 Keyuan Road  South Building , Shenzhen, GD, 518057, CN","","AWSDataTransfer","AWS Data Transfer","Amazon Web Services, Inc.","APS1-UGW1-AWS-Out-Bytes",,"3510994","$0.09 per GB - Asia Pacific (Singapore) data transfer to AWS GovCloud (US)","2015/05/01 00:00:00","2015/05/31 23:59:59","0.00066818",,"USD","0.01","0.0","0.000000","None","0.010000"
"Estimated","102964196778","","PayerLineItem","5600000000251686604","2015/05/01 00:00:00","2015/05/31 23:59:59","2015/05/19 19:21:12","TP-LINK Technologies Co., Ltd.","","No.5 Keyuan Road  South Building , Shenzhen, GD, 518057, CN","","AmazonEC2","Amazon Elastic Compute Cloud","Amazon Web Services, Inc.","APN1-EBS:VolumeUsage.gp2",,"4870200","$0.12 per GB-month of General Purpose (SSD) provisioned storage - Asia Pacific (Tokyo)","2015/05/01 00:00:00","2015/05/31 23:59:59","52.51612908",,"USD","6.30","0.0","0.000000","None","6.300000"
"Estimated","102964196778","","PayerLineItem","5600000000251686605","2015/05/01 00:00:00","2015/05/31 23:59:59","2015/05/19 19:21:12","TP-LINK Technologies Co., Ltd.","","No.5 Keyuan Road  South Building , Shenzhen, GD, 518057, CN","","AWSDataTransfer","AWS Data Transfer","Amazon Web Services, Inc.","APS1-USE1-AWS-Out-Bytes",,"3510988","$0.09 per GB - Asia Pacific (Singapore) data transfer to US East (Northern Virginia)","2015/05/01 00:00:00","2015/05/31 23:59:59","0.13385016",,"USD","0.01","0.0","0.000000","None","0.010000"
"Estimated","102964196778","","PayerLineItem","5600000000251686606","2015/05/01 00:00:00","2015/05/31 23:59:59","2015/05/19 19:21:12","TP-LINK Technologies Co., Ltd.","","No.5 Keyuan Road  South Building , Shenzhen, GD, 518057, CN","","AmazonEC2","Amazon Elastic Compute Cloud","Amazon Web Services, Inc.","BoxUsage:m3.medium","RunInstances","4869881","$0.070 per On Demand Linux m3.medium Instance Hour","2015/05/01 00:00:00","2015/05/31 23:59:59","2235.0",,"USD","156.45","0.0","0.000000","None","156.450000"
"Estimated","102964196778","","PayerLineItem","5600000000251892836","2015/05/01 00:00:00","2015/05/31 23:59:59","2015/05/19 19:21:12","TP-LINK Technologies Co., Ltd.","","No.5 Keyuan Road  South Building , Shenzhen, GD, 518057, CN","","AWSDataTransfer","AWS Data Transfer","Amazon Web Services, Inc.","APS2-APS1-AWS-Out-Bytes",,"3510793","$0.14 per GB - Asia Pacific (Sydney) data transfer to Asia Pacific (Singapore)","2015/05/01 00:00:00","2015/05/31 23:59:59","0.00000106",,"USD","0.00","0.0","0.000000","None","0.000000"
"Estimated","102964196778","","PayerLineItem","5600000000251686607","2015/05/01 00:00:00","2015/05/31 23:59:59","2015/05/19 19:21:12","TP-LINK Technologies Co., Ltd.","","No.5 Keyuan Road  South Building , Shenzhen, GD, 518057, CN","","AmazonRoute53","Amazon Route 53","Amazon Web Services, Inc.","HostedZone",,"3035135","$0.50 per Hosted Zone for the first 25 Hosted Zones","2015/05/01 00:00:00","2015/05/31 23:59:59","11.0",,"USD","5.50","0.0","0.000000","None","5.500000"
"Estimated","102964196778","","PayerLineItem","5600000000254387093","2015/05/01 00:00:00","2015/05/31 23:59:59","2015/05/19 19:21:12","TP-LINK Technologies Co., Ltd.","","No.5 Keyuan Road  South Building , Shenzhen, GD, 518057, CN","","AmazonEC2","Amazon Elastic Compute Cloud","Amazon Web Services, Inc.","APS1-EBS:SnapshotUsage",,"4870199","$0.095 per GB-Month of snapshot data stored - Asia Pacific (Singapore)","2015/05/01 00:00:00","2015/05/31 23:59:59","43.48833984",,"USD","4.13","0.0","0.000000","None","4.130000"
"Estimated","102964196778","","PayerLineItem","5600000000253467820","2015/05/01 00:00:00","2015/05/31 23:59:59","2015/05/19 19:21:12","TP-LINK Technologies Co., Ltd.","","No.5 Keyuan Road  South Building , Shenzhen, GD, 518057, CN","","AmazonSNS","Amazon Simple Notification Service","Amazon Web Services, Inc.","APS1-Requests-Tier1",,"4610335","First 1,000,000 Amazon SNS API Requests per month are free","2015/05/01 00:00:00","2015/05/31 23:59:59","70.0",,"USD","0.00","0.0","0.000000","None","0.000000"
"Estimated","102964196778","","PayerLineItem","5600000000252737374","2015/05/01 00:00:00","2015/05/31 23:59:59","2015/05/19 19:21:12","TP-LINK Technologies Co., Ltd.","","No.5 Keyuan Road  South Building , Shenzhen, GD, 518057, CN","","AWSDataTransfer","AWS Data Transfer","Amazon Web Services, Inc.","APS2-USW2-AWS-In-Bytes",,"3510802","$0.00 per GB - Asia Pacific (Sydney) data transfer from US West (Oregon)","2015/05/01 00:00:00","2015/05/31 23:59:59","2.2E-7",,"USD","0.00","0.0","0.000000","None","0.000000"
"Estimated","102964196778","","PayerLineItem","5600000000251686608","2015/05/01 00:00:00","2015/05/31 23:59:59","2015/05/19 19:21:12","TP-LINK Technologies Co., Ltd.","","No.5 Keyuan Road  South Building , Shenzhen, GD, 518057, CN","","AWSDataTransfer","AWS Data Transfer","Amazon Web Services, Inc.","USE1-SAE1-AWS-In-Bytes",,"3510830","$0.00 per GB - US East (Northern Virginia) data transfer from South America (Sao Paulo)","2015/05/01 00:00:00","2015/05/31 23:59:59","0.00053548",,"USD","0.00","0.0","0.000000","None","0.000000"
"Estimated","102964196778","","PayerLineItem","5600000000253493416","2015/05/01 00:00:00","2015/05/31 23:59:59","2015/05/19 19:21:12","TP-LINK Technologies Co., Ltd.","","No.5 Keyuan Road  South Building , Shenzhen, GD, 518057, CN","","AmazonEC2","Amazon Elastic Compute Cloud","Amazon Web Services, Inc.","APS2-CW:Requests",,"4870369","$0.01 per 1,000 requests","2015/05/01 00:00:00","2015/05/31 23:59:59","947.0",,"USD","0.01","0.0","0.000000","None","0.010000"
"Estimated","102964196778","","PayerLineItem","5600000000251686609","2015/05/01 00:00:00","2015/05/31 23:59:59","2015/05/19 19:21:12","TP-LINK Technologies Co., Ltd.","","No.5 Keyuan Road  South Building , Shenzhen, GD, 518057, CN","","AmazonEC2","Amazon Elastic Compute Cloud","Amazon Web Services, Inc.","EU-BoxUsage","RunInstances","4871224","$0.047 per On Demand Linux m1.small Instance Hour","2015/05/01 00:00:00","2015/05/31 23:59:59","448.0",,"USD","21.06","0.0","0.000000","None","21.060000"
"Estimated","102964196778","","PayerLineItem","5600000000251686610","2015/05/01 00:00:00","2015/05/31 23:59:59","2015/05/19 19:21:12","TP-LINK Technologies Co., Ltd.","","No.5 Keyuan Road  South Building , Shenzhen, GD, 518057, CN","","AWSDataTransfer","AWS Data Transfer","Amazon Web Services, Inc.","APS1-APN1-AWS-Out-Bytes",,"3510998","$0.09 per GB - Asia Pacific (Singapore) data transfer to Asia Pacific (Tokyo)","2015/05/01 00:00:00","2015/05/31 23:59:59","0.42751539",,"USD","0.04","0.0","0.000000","None","0.040000"
"Estimated","102964196778","","PayerLineItem","5600000000253768130","2015/05/01 00:00:00","2015/05/31 23:59:59","2015/05/19 19:21:12","TP-LINK Technologies Co., Ltd.","","No.5 Keyuan Road  South Building , Shenzhen, GD, 518057, CN","","AWSDataTransfer","AWS Data Transfer","Amazon Web Services, Inc.","APS2-SAE1-AWS-In-Bytes",,"3510798","$0.00 per GB - Asia Pacific (Sydney) data transfer from South America (Sao Paulo)","2015/05/01 00:00:00","2015/05/31 23:59:59","1.2E-7",,"USD","0.00","0.0","0.000000","None","0.000000"
"Estimated","102964196778","","PayerLineItem","5600000000251686611","2015/05/01 00:00:00","2015/05/31 23:59:59","2015/05/19 19:21:12","TP-LINK Technologies Co., Ltd.","","No.5 Keyuan Road  South Building , Shenzhen, GD, 518057, CN","","AmazonRDS","Amazon RDS Service","Amazon Web Services, Inc.","APS1-InstanceUsage:db.t2.micro","CreateDBInstance:0002","3312951","$0.026 per RDS T2 Micro Instance hour (or partial hour) running MySQL - BYOL","2015/05/01 00:00:00","2015/05/31 23:59:59","896.0",,"USD","23.30","0.0","0.000000","None","23.300000"
"Estimated","102964196778","","PayerLineItem","5600000000251686612","2015/05/01 00:00:00","2015/05/31 23:59:59","2015/05/19 19:21:12","TP-LINK Technologies Co., Ltd.","","No.5 Keyuan Road  South Building , Shenzhen, GD, 518057, CN","","AWSDataTransfer","AWS Data Transfer","Amazon Web Services, Inc.","EU-DataTransfer-Regional-Bytes",,"3510868","$0.010 per GB - regional data transfer - in/out/between EC2 AZs or using IPs or ELB","2015/05/01 00:00:00","2015/05/31 23:59:59","8.61950137",,"USD","0.09","0.0","0.000000","None","0.090000"
"Estimated","102964196778","","PayerLineItem","5600000000251686613","2015/05/01 00:00:00","2015/05/31 23:59:59","2015/05/19 19:21:12","TP-LINK Technologies Co., Ltd.","","No.5 Keyuan Road  South Building , Shenzhen, GD, 518057, CN","","AWSDataTransfer","AWS Data Transfer","Amazon Web Services, Inc.","EU-SAE1-AWS-In-Bytes",,"3510780","$0.00 per GB - EU (Ireland) data transfer from South America (Sao Paulo)","2015/05/01 00:00:00","2015/05/31 23:59:59","0.00145236",,"USD","0.00","0.0","0.000000","None","0.000000"
"Estimated","102964196778","","PayerLineItem","5600000000251686614","2015/05/01 00:00:00","2015/05/31 23:59:59","2015/05/19 19:21:12","TP-LINK Technologies Co., Ltd.","","No.5 Keyuan Road  South Building , Shenzhen, GD, 518057, CN","","AWSDataTransfer","AWS Data Transfer","Amazon Web Services, Inc.","APN1-EU-AWS-Out-Bytes",,"3510984","$0.09 per GB - Asia Pacific (Tokyo) data transfer to EU (Ireland)","2015/05/01 00:00:00","2015/05/31 23:59:59","0.02005838",,"USD","0.01","0.0","0.000000","None","0.010000"
"Estimated","102964196778","","PayerLineItem","5600000000253422294","2015/05/01 00:00:00","2015/05/31 23:59:59","2015/05/19 19:21:12","TP-LINK Technologies Co., Ltd.","","No.5 Keyuan Road  South Building , Shenzhen, GD, 518057, CN","","AmazonDynamoDB","Amazon DynamoDB","Amazon Web Services, Inc.","EU-ReadCapacityUnit-Hrs","CommittedThroughput","3717249","$0.000147 per hour for units of read capacity beyond the free tier","2015/05/01 00:00:00","2015/05/31 23:59:59","117319.0",,"USD","17.25","0.0","0.000000","None","17.250000"
"Estimated","102964196778","","PayerLineItem","5600000000251686615","2015/05/01 00:00:00","2015/05/31 23:59:59","2015/05/19 19:21:12","TP-LINK Technologies Co., Ltd.","","No.5 Keyuan Road  South Building , Shenzhen, GD, 518057, CN","","AWSDataTransfer","AWS Data Transfer","Amazon Web Services, Inc.","APN1-CloudFront-In-Bytes",,"3510746","$0.00 per GB data transfer in to Asia Pacific (Tokyo) from CloudFront","2015/05/01 00:00:00","2015/05/31 23:59:59","0.07478601",,"USD","0.00","0.0","0.000000","None","0.000000"
"Estimated","102964196778","","PayerLineItem","5600000000251686616","2015/05/01 00:00:00","2015/05/31 23:59:59","2015/05/19 19:21:12","TP-LINK Technologies Co., Ltd.","","No.5 Keyuan Road  South Building , Shenzhen, GD, 518057, CN","","AmazonEC2","Amazon Elastic Compute Cloud","Amazon Web Services, Inc.","APS1-ElasticIP:IdleAddress",,"4870403","$0.00 per Elastic IP address not attached to a running instance for the first hour","2015/05/01 00:00:00","2015/05/31 23:59:59","1.0",,"USD","0.00","0.0","0.000000","None","0.000000"
"Estimated","102964196778","","PayerLineItem","5600000000251686617","2015/05/01 00:00:00","2015/05/31 23:59:59","2015/05/19 19:21:12","TP-LINK Technologies Co., Ltd.","","No.5 Keyuan Road  South Building , Shenzhen, GD, 518057, CN","","AWSDataTransfer","AWS Data Transfer","Amazon Web Services, Inc.","EU-APN1-AWS-Out-Bytes",,"3510777","$0.02 per GB - EU (Ireland) data transfer to Asia Pacific (Tokyo)","2015/05/01 00:00:00","2015/05/31 23:59:59","0.0008265",,"USD","0.01","0.0","0.000000","None","0.010000"
"Estimated","102964196778","","PayerLineItem","5600000000251686618","2015/05/01 00:00:00","2015/05/31 23:59:59","2015/05/19 19:21:12","TP-LINK Technologies Co., Ltd.","","No.5 Keyuan Road  South Building , Shenzhen, GD, 518057, CN","","AWSDataTransfer","AWS Data Transfer","Amazon Web Services, Inc.","APN1-USW1-AWS-In-Bytes",,"3510971","$0.00 per GB - Asia Pacific (Tokyo) data transfer from US West (Northern California)","2015/05/01 00:00:00","2015/05/31 23:59:59","0.00849964",,"USD","0.00","0.0","0.000000","None","0.000000"
"Estimated","102964196778","","PayerLineItem","5600000000251686619","2015/05/01 00:00:00","2015/05/31 23:59:59","2015/05/19 19:21:12","TP-LINK Technologies Co., Ltd.","","No.5 Keyuan Road  South Building , Shenzhen, GD, 518057, CN","","AWSDataTransfer","AWS Data Transfer","Amazon Web Services, Inc.","APN1-APS1-AWS-Out-Bytes",,"3510980","$0.09 per GB - Asia Pacific (Tokyo) data transfer to Asia Pacific (Singapore)","2015/05/01 00:00:00","2015/05/31 23:59:59","0.53915006",,"USD","0.05","0.0","0.000000","None","0.050000"
"Estimated","102964196778","","PayerLineItem","5600000000251686620","2015/05/01 00:00:00","2015/05/31 23:59:59","2015/05/19 19:21:12","TP-LINK Technologies Co., Ltd.","","No.5 Keyuan Road  South Building , Shenzhen, GD, 518057, CN","","AmazonEC2","Amazon Elastic Compute Cloud","Amazon Web Services, Inc.","APN1-BoxUsage:m3.medium","RunInstances","4869442","$0.101 per On Demand Linux m3.medium Instance Hour","2015/05/01 00:00:00","2015/05/31 23:59:59","1792.0",,"USD","180.99","0.0","0.000000","None","180.990000"
"Estimated","102964196778","","PayerLineItem","5600000000251686621","2015/05/01 00:00:00","2015/05/31 23:59:59","2015/05/19 19:21:12","TP-LINK Technologies Co., Ltd.","","No.5 Keyuan Road  South Building , Shenzhen, GD, 518057, CN","","AmazonElastiCache","Amazon ElastiCache","Amazon Web Services, Inc.","APS1-NodeUsage:cache.t2.micro","CreateCacheCluster:0002","3815855","$0.022 per T2 Micro Cache node-hour (or partial hour) running Redis","2015/05/01 00:00:00","2015/05/31 23:59:59","448.0",,"USD","9.86","0.0","0.000000","None","9.860000"
"Estimated","102964196778","","PayerLineItem","5600000000251686622","2015/05/01 00:00:00","2015/05/31 23:59:59","2015/05/19 19:21:12","TP-LINK Technologies Co., Ltd.","","No.5 Keyuan Road  South Building , Shenzhen, GD, 518057, CN","","AmazonCloudFront","Amazon CloudFront","Amazon Web Services, Inc.","AP-Requests-Tier1","GET","3506649","$0.0090 per 10,000 HTTP Requests","2015/05/01 00:00:00","2015/05/31 23:59:59","237.0",,"USD","0.01","0.0","0.000000","None","0.010000"
"Estimated","102964196778","","PayerLineItem","5600000000251686623","2015/05/01 00:00:00","2015/05/31 23:59:59","2015/05/19 19:21:12","TP-LINK Technologies Co., Ltd.","","No.5 Keyuan Road  South Building , Shenzhen, GD, 518057, CN","","AmazonEC2","Amazon Elastic Compute Cloud","Amazon Web Services, Inc.","CW:Requests",,"4870362","$0.00 per request - first 1,000,000 requests","2015/05/01 00:00:00","2015/05/31 23:59:59","769292.0",,"USD","0.00","0.0","0.000000","None","0.000000"
"Estimated","102964196778","","PayerLineItem","5600000000251686624","2015/05/01 00:00:00","2015/05/31 23:59:59","2015/05/19 19:21:12","TP-LINK Technologies Co., Ltd.","","No.5 Keyuan Road  South Building , Shenzhen, GD, 518057, CN","","AWSDataTransfer","AWS Data Transfer","Amazon Web Services, Inc.","EU-SAE1-AWS-Out-Bytes",,"3510779","$0.02 per GB - EU (Ireland) data transfer to South America (Sao Paulo)","2015/05/01 00:00:00","2015/05/31 23:59:59","0.00062709",,"USD","0.01","0.0","0.000000","None","0.010000"
"Estimated","102964196778","","PayerLineItem","5600000000251686625","2015/05/01 00:00:00","2015/05/31 23:59:59","2015/05/19 19:21:12","TP-LINK Technologies Co., Ltd.","","No.5 Keyuan Road  South Building , Shenzhen, GD, 518057, CN","","AmazonS3","Amazon Simple Storage Service","Amazon Web Services, Inc.","APN1-Requests-Tier2",,"3309783","$0.0037 per 10,000 GET and all other requests","2015/05/01 00:00:00","2015/05/31 23:59:59","2065.0",,"USD","0.01","0.0","0.000000","None","0.010000"
"Estimated","102964196778","","PayerLineItem","5600000000251686626","2015/05/01 00:00:00","2015/05/31 23:59:59","2015/05/19 19:21:12","TP-LINK Technologies Co., Ltd.","","No.5 Keyuan Road  South Building , Shenzhen, GD, 518057, CN","","AmazonEC2","Amazon Elastic Compute Cloud","Amazon Web Services, Inc.","APS1-BoxUsage:t2.micro","RunInstances","4868871","$0.020 per On Demand Linux t2.micro Instance Hour","2015/05/01 00:00:00","2015/05/31 23:59:59","7319.0",,"USD","146.38","0.0","0.000000","None","146.380000"
"Estimated","102964196778","","PayerLineItem","5600000000249839746","2015/05/01 00:00:00","2015/05/31 23:59:59","2015/05/19 19:21:12","TP-LINK Technologies Co., Ltd.","","No.5 Keyuan Road  South Building , Shenzhen, GD, 518057, CN","","AmazonCloudFront","Amazon CloudFront","Amazon Web Services, Inc.","JP-Requests-Tier1","GET","3506658","$0.0090 per 10,000 HTTP Requests","2015/05/01 00:00:00","2015/05/31 23:59:59","12.0",,"USD","0.01","0.0","0.000000","None","0.010000"
"Estimated","102964196778","","PayerLineItem","5600000000251686627","2015/05/01 00:00:00","2015/05/31 23:59:59","2015/05/19 19:21:12","TP-LINK Technologies Co., Ltd.","","No.5 Keyuan Road  South Building , Shenzhen, GD, 518057, CN","","AmazonEC2","Amazon Elastic Compute Cloud","Amazon Web Services, Inc.","APN1-LoadBalancerUsage","LoadBalancing","4870377","$0.027 per LoadBalancer-hour (or partial hour) ","2015/05/01 00:00:00","2015/05/31 23:59:59","2688.0",,"USD","72.58","0.0","0.000000","None","72.580000"
"Estimated","102964196778","","PayerLineItem","5600000000251686628","2015/05/01 00:00:00","2015/05/31 23:59:59","2015/05/19 19:21:12","TP-LINK Technologies Co., Ltd.","","No.5 Keyuan Road  South Building , Shenzhen, GD, 518057, CN","","AWSDataTransfer","AWS Data Transfer","Amazon Web Services, Inc.","DataTransfer-In-Bytes",,"3510870","$0.000 per GB - data transfer in per month","2015/05/01 00:00:00","2015/05/31 23:59:59","25.67377357",,"USD","0.00","0.0","0.000000","None","0.000000"
"Estimated","102964196778","","PayerLineItem","5600000000251686629","2015/05/01 00:00:00","2015/05/31 23:59:59","2015/05/19 19:21:12","TP-LINK Technologies Co., Ltd.","","No.5 Keyuan Road  South Building , Shenzhen, GD, 518057, CN","","AWSDataTransfer","AWS Data Transfer","Amazon Web Services, Inc.","APN1-EU-AWS-In-Bytes",,"3510983","$0.00 per GB - Asia Pacific (Tokyo) data transfer from EU (Ireland)","2015/05/01 00:00:00","2015/05/31 23:59:59","0.00347129",,"USD","0.00","0.0","0.000000","None","0.000000"
"Estimated","102964196778","","PayerLineItem","5600000000251686630","2015/05/01 00:00:00","2015/05/31 23:59:59","2015/05/19 19:21:12","TP-LINK Technologies Co., Ltd.","","No.5 Keyuan Road  South Building , Shenzhen, GD, 518057, CN","","AWSDataTransfer","AWS Data Transfer","Amazon Web Services, Inc.","APS1-USE1-AWS-In-Bytes",,"3510987","$0.00 per GB - Asia Pacific (Singapore) data transfer from US East (Northern Virginia)","2015/05/01 00:00:00","2015/05/31 23:59:59","0.53511274",,"USD","0.00","0.0","0.000000","None","0.000000"
"Estimated","102964196778","","PayerLineItem","5600000000253768131","2015/05/01 00:00:00","2015/05/31 23:59:59","2015/05/19 19:21:12","TP-LINK Technologies Co., Ltd.","","No.5 Keyuan Road  South Building , Shenzhen, GD, 518057, CN","","AWSDataTransfer","AWS Data Transfer","Amazon Web Services, Inc.","APS2-SAE1-AWS-Out-Bytes",,"3510797","$0.14 per GB - Asia Pacific (Sydney) data transfer to South America (Sao Paulo)","2015/05/01 00:00:00","2015/05/31 23:59:59","1.1E-7",,"USD","0.00","0.0","0.000000","None","0.000000"
"Estimated","102964196778","","PayerLineItem","5600000000251686631","2015/05/01 00:00:00","2015/05/31 23:59:59","2015/05/19 19:21:12","TP-LINK Technologies Co., Ltd.","","No.5 Keyuan Road  South Building , Shenzhen, GD, 518057, CN","","AWSSupportDeveloper","AWS Support (Developer)","Amazon Web Services, Inc.",,,,"Recurring Fee","2015/06/01 00:00:00","2015/06/30 23:59:59","0.0",,"USD","49.00","0.0","0.000000","None","49.000000"
"Estimated","102964196778","","PayerLineItem","5600000000251686632","2015/05/01 00:00:00","2015/05/31 23:59:59","2015/05/19 19:21:12","TP-LINK Technologies Co., Ltd.","","No.5 Keyuan Road  South Building , Shenzhen, GD, 518057, CN","","AmazonCloudFront","Amazon CloudFront","Amazon Web Services, Inc.","IN-Requests-Tier2-HTTPS",,"3506609","$0.0120 per 10,000 HTTPS Requests (India)","2015/05/01 00:00:00","2015/05/31 23:59:59","3539.0",,"USD","0.01","0.0","0.000000","None","0.010000"
"Estimated","102964196778","","PayerLineItem","5600000000251686633","2015/05/01 00:00:00","2015/05/31 23:59:59","2015/05/19 19:21:12","TP-LINK Technologies Co., Ltd.","","No.5 Keyuan Road  South Building , Shenzhen, GD, 518057, CN","","AWSDataTransfer","AWS Data Transfer","Amazon Web Services, Inc.","APS1-CloudFront-Out-Bytes",,"3510743","$0.00 per GB data transfer out of Asia Pacific (Singapore) to CloudFront","2015/05/01 00:00:00","2015/05/31 23:59:59","1.49805449",,"USD","0.00","0.0","0.000000","None","0.000000"
"Estimated","102964196778","","PayerLineItem","5600000000251686634","2015/05/01 00:00:00","2015/05/31 23:59:59","2015/05/19 19:21:12","TP-LINK Technologies Co., Ltd.","","No.5 Keyuan Road  South Building , Shenzhen, GD, 518057, CN","","AmazonSNS","Amazon Simple Notification Service","Amazon Web Services, Inc.","Requests-Tier1",,"4610331","First 1,000,000 Amazon SNS API Requests per month are free","2015/05/01 00:00:00","2015/05/31 23:59:59","181.0",,"USD","0.00","0.0","0.000000","None","0.000000"
"Estimated","102964196778","","PayerLineItem","5600000000251686635","2015/05/01 00:00:00","2015/05/31 23:59:59","2015/05/19 19:21:12","TP-LINK Technologies Co., Ltd.","","No.5 Keyuan Road  South Building , Shenzhen, GD, 518057, CN","","AWSDataTransfer","AWS Data Transfer","Amazon Web Services, Inc.","EU-APS2-AWS-Out-Bytes",,"3510773","$0.02 per GB - EU (Ireland) data transfer to Asia Pacific (Sydney)","2015/05/01 00:00:00","2015/05/31 23:59:59","0.00063013",,"USD","0.01","0.0","0.000000","None","0.010000"
"Estimated","102964196778","","PayerLineItem","5600000000251686636","2015/05/01 00:00:00","2015/05/31 23:59:59","2015/05/19 19:21:12","TP-LINK Technologies Co., Ltd.","","No.5 Keyuan Road  South Building , Shenzhen, GD, 518057, CN","","AWSDataTransfer","AWS Data Transfer","Amazon Web Services, Inc.","APS1-UGW1-AWS-In-Bytes",,"3510993","$0.00 per GB - Asia Pacific (Singapore) data transfer from AWS GovCloud (US)","2015/05/01 00:00:00","2015/05/31 23:59:59","0.00133756",,"USD","0.00","0.0","0.000000","None","0.000000"
"Estimated","102964196778","","PayerLineItem","5600000000254387094","2015/05/01 00:00:00","2015/05/31 23:59:59","2015/05/19 19:21:12","TP-LINK Technologies Co., Ltd.","","No.5 Keyuan Road  South Building , Shenzhen, GD, 518057, CN","","AmazonEC2","Amazon Elastic Compute Cloud","Amazon Web Services, Inc.","USW1-EBS:SnapshotUsage",,"4870157","$0.105 per GB-Month of snapshot data stored - US West (Northern California)","2015/05/01 00:00:00","2015/05/31 23:59:59","0.55885536",,"USD","0.06","0.0","0.000000","None","0.060000"
"Estimated","102964196778","","PayerLineItem","5600000000251686637","2015/05/01 00:00:00","2015/05/31 23:59:59","2015/05/19 19:21:12","TP-LINK Technologies Co., Ltd.","","No.5 Keyuan Road  South Building , Shenzhen, GD, 518057, CN","","AmazonRDS","Amazon RDS Service","Amazon Web Services, Inc.","APS1-Multi-AZUsage:db.m3.medium","CreateDBInstance:0002","3313442","$0.24 per RDS Second Gen Medium, Multi-AZ Instance hour (or partial hour) running MySQL - BYOL","2015/05/01 00:00:00","2015/05/31 23:59:59","127.0",,"USD","30.48","0.0","0.000000","None","30.480000"
"Estimated","102964196778","","PayerLineItem","5600000000251686638","2015/05/01 00:00:00","2015/05/31 23:59:59","2015/05/19 19:21:12","TP-LINK Technologies Co., Ltd.","","No.5 Keyuan Road  South Building , Shenzhen, GD, 518057, CN","","AWSDataTransfer","AWS Data Transfer","Amazon Web Services, Inc.","APN1-APS2-AWS-Out-Bytes",,"3510982","$0.09 per GB - Asia Pacific (Tokyo) data transfer to Asia Pacific (Sydney)","2015/05/01 00:00:00","2015/05/31 23:59:59","0.00042352",,"USD","0.01","0.0","0.000000","None","0.010000"
"Estimated","102964196778","","PayerLineItem","5600000000251686639","2015/05/01 00:00:00","2015/05/31 23:59:59","2015/05/19 19:21:12","TP-LINK Technologies Co., Ltd.","","No.5 Keyuan Road  South Building , Shenzhen, GD, 518057, CN","","AmazonEC2","Amazon Elastic Compute Cloud","Amazon Web Services, Inc.","APS1-BoxUsage:c3.large","RunInstances","4869045","$0.132 per On Demand Linux c3.large Instance Hour","2015/05/01 00:00:00","2015/05/31 23:59:59","2128.0",,"USD","280.90","0.0","0.000000","None","280.900000"
"Estimated","102964196778","","PayerLineItem","5600000000252737375","2015/05/01 00:00:00","2015/05/31 23:59:59","2015/05/19 19:21:12","TP-LINK Technologies Co., Ltd.","","No.5 Keyuan Road  South Building , Shenzhen, GD, 518057, CN","","AWSDataTransfer","AWS Data Transfer","Amazon Web Services, Inc.","APS2-USW2-AWS-Out-Bytes",,"3510801","$0.14 per GB - Asia Pacific (Sydney) data transfer to US West (Oregon)","2015/05/01 00:00:00","2015/05/31 23:59:59","4.0E-7",,"USD","0.00","0.0","0.000000","None","0.000000"
"Estimated","102964196778","","PayerLineItem","5600000000251686640","2015/05/01 00:00:00","2015/05/31 23:59:59","2015/05/19 19:21:12","TP-LINK Technologies Co., Ltd.","","No.5 Keyuan Road  South Building , Shenzhen, GD, 518057, CN","","AWSDataTransfer","AWS Data Transfer","Amazon Web Services, Inc.","APN1-USE1-AWS-In-Bytes",,"3510969","$0.00 per GB - Asia Pacific (Tokyo) data transfer from US East (Northern Virginia)","2015/05/01 00:00:00","2015/05/31 23:59:59","0.11240028",,"USD","0.00","0.0","0.000000","None","0.000000"
"Estimated","102964196778","","PayerLineItem","5600000000251686641","2015/05/01 00:00:00","2015/05/31 23:59:59","2015/05/19 19:21:12","TP-LINK Technologies Co., Ltd.","","No.5 Keyuan Road  South Building , Shenzhen, GD, 518057, CN","","AmazonDynamoDB","Amazon DynamoDB","Amazon Web Services, Inc.","EU-WriteCapacityUnit-Hrs","CommittedThroughput","3717248","$0.00 per hour for 25 units of write capacity for a month (free tier)","2015/05/01 00:00:00","2015/05/31 23:59:59","18600.0",,"USD","0.00","0.0","0.000000","None","0.000000"
"Estimated","102964196778","","PayerLineItem","5600000000251686642","2015/05/01 00:00:00","2015/05/31 23:59:59","2015/05/19 19:21:12","TP-LINK Technologies Co., Ltd.","","No.5 Keyuan Road  South Building , Shenzhen, GD, 518057, CN","","AmazonDynamoDB","Amazon DynamoDB","Amazon Web Services, Inc.","ReadCapacityUnit-Hrs","CommittedThroughput","3717201","$0.00 per hour for 25 units of read capacity for a month (free tier)","2015/05/01 00:00:00","2015/05/31 23:59:59","18600.0",,"USD","0.00","0.0","0.000000","None","0.000000"
"Estimated","102964196778","","PayerLineItem","5600000000251686643","2015/05/01 00:00:00","2015/05/31 23:59:59","2015/05/19 19:21:12","TP-LINK Technologies Co., Ltd.","","No.5 Keyuan Road  South Building , Shenzhen, GD, 518057, CN","","AmazonS3","Amazon Simple Storage Service","Amazon Web Services, Inc.","APS1-Requests-Tier2",,"3309745","$0.004 per 10,000 GET and all other requests","2015/05/01 00:00:00","2015/05/31 23:59:59","56642.0",,"USD","0.02","0.0","0.000000","None","0.020000"
"Estimated","102964196778","","PayerLineItem","5600000000251686644","2015/05/01 00:00:00","2015/05/31 23:59:59","2015/05/19 19:21:12","TP-LINK Technologies Co., Ltd.","","No.5 Keyuan Road  South Building , Shenzhen, GD, 518057, CN","","AmazonElastiCache","Amazon ElastiCache","Amazon Web Services, Inc.","NodeUsage:cache.m3.medium","CreateCacheCluster:0001","3816016","$0.09 per  Enhanced Medium Cache node-hour (or partial hour) running Memcached","2015/05/01 00:00:00","2015/05/31 23:59:59","1344.0",,"USD","120.96","0.0","0.000000","None","120.960000"
"Estimated","102964196778","","PayerLineItem","5600000000251686645","2015/05/01 00:00:00","2015/05/31 23:59:59","2015/05/19 19:21:12","TP-LINK Technologies Co., Ltd.","","No.5 Keyuan Road  South Building , Shenzhen, GD, 518057, CN","","AmazonEC2","Amazon Elastic Compute Cloud","Amazon Web Services, Inc.","APN1-CW:AlarmMonitorUsage",,"4870345","$0.00 per alarm-month - first 10 alarms","2015/05/01 00:00:00","2015/05/31 23:59:59","1.20430016",,"USD","0.00","0.0","0.000000","None","0.000000"
"Estimated","102964196778","","PayerLineItem","5600000000253369493","2015/05/01 00:00:00","2015/05/31 23:59:59","2015/05/19 19:21:12","TP-LINK Technologies Co., Ltd.","","No.5 Keyuan Road  South Building , Shenzhen, GD, 518057, CN","","AmazonRoute53","Amazon Route 53","Amazon Web Services, Inc.","LBR-Queries",,"3035139","$0.60 per 1,000,000 LBR queries for the first 1 Billion LBR queries","2015/05/01 00:00:00","2015/05/31 23:59:59","24.0",,"USD","0.01","0.0","0.000000","None","0.010000"
"Estimated","102964196778","","PayerLineItem","5600000000251686646","2015/05/01 00:00:00","2015/05/31 23:59:59","2015/05/19 19:21:12","TP-LINK Technologies Co., Ltd.","","No.5 Keyuan Road  South Building , Shenzhen, GD, 518057, CN","","AWSDataTransfer","AWS Data Transfer","Amazon Web Services, Inc.","APN1-SAE1-AWS-Out-Bytes",,"3510978","$0.09 per GB - Asia Pacific (Tokyo) data transfer to South America (Sao Paulo)","2015/05/01 00:00:00","2015/05/31 23:59:59","0.00041553",,"USD","0.01","0.0","0.000000","None","0.010000"
"Estimated","102964196778","","PayerLineItem","5600000000251686647","2015/05/01 00:00:00","2015/05/31 23:59:59","2015/05/19 19:21:12","TP-LINK Technologies Co., Ltd.","","No.5 Keyuan Road  South Building , Shenzhen, GD, 518057, CN","","AWSDataTransfer","AWS Data Transfer","Amazon Web Services, Inc.","EU-UGW1-AWS-In-Bytes",,"3510782","$0.00 per GB - EU (Ireland) data transfer from AWS GovCloud (US)","2015/05/01 00:00:00","2015/05/31 23:59:59","0.00130424",,"USD","0.00","0.0","0.000000","None","0.000000"
"Estimated","102964196778","","PayerLineItem","5600000000251686648","2015/05/01 00:00:00","2015/05/31 23:59:59","2015/05/19 19:21:12","TP-LINK Technologies Co., Ltd.","","No.5 Keyuan Road  South Building , Shenzhen, GD, 518057, CN","","AmazonEC2","Amazon Elastic Compute Cloud","Amazon Web Services, Inc.","APS1-CW:MetricMonitorUsage",,"4870356","$0.00 per metric-month - first 10 metrics","2015/05/01 00:00:00","2015/05/31 23:59:59","5.7943558",,"USD","0.00","0.0","0.000000","None","0.000000"
"Estimated","102964196778","","PayerLineItem","5600000000251686649","2015/05/01 00:00:00","2015/05/31 23:59:59","2015/05/19 19:21:12","TP-LINK Technologies Co., Ltd.","","No.5 Keyuan Road  South Building , Shenzhen, GD, 518057, CN","","AmazonDynamoDB","Amazon DynamoDB","Amazon Web Services, Inc.","APN1-WriteCapacityUnit-Hrs","CommittedThroughput","3717254","$0.00 per hour for 25 units of write capacity for a month (free tier)","2015/05/01 00:00:00","2015/05/31 23:59:59","18600.0",,"USD","0.00","0.0","0.000000","None","0.000000"
"Estimated","102964196778","","PayerLineItem","5600000000251686650","2015/05/01 00:00:00","2015/05/31 23:59:59","2015/05/19 19:21:12","TP-LINK Technologies Co., Ltd.","","No.5 Keyuan Road  South Building , Shenzhen, GD, 518057, CN","","AmazonEC2","Amazon Elastic Compute Cloud","Amazon Web Services, Inc.","USW1-CW:Requests",,"4870363","$0.00 per request - first 1,000,000 requests","2015/05/01 00:00:00","2015/05/31 23:59:59","947.0",,"USD","0.00","0.0","0.000000","None","0.000000"
"Estimated","102964196778","","PayerLineItem","5600000000251686651","2015/05/01 00:00:00","2015/05/31 23:59:59","2015/05/19 19:21:12","TP-LINK Technologies Co., Ltd.","","No.5 Keyuan Road  South Building , Shenzhen, GD, 518057, CN","","AmazonDynamoDB","Amazon DynamoDB","Amazon Web Services, Inc.","APS1-WriteCapacityUnit-Hrs","CommittedThroughput","3717209","$0.00 per hour for 25 units of write capacity for a month (free tier)","2015/05/01 00:00:00","2015/05/31 23:59:59","18600.0",,"USD","0.00","0.0","0.000000","None","0.000000"
"Estimated","102964196778","","PayerLineItem","5600000000251686652","2015/05/01 00:00:00","2015/05/31 23:59:59","2015/05/19 19:21:12","TP-LINK Technologies Co., Ltd.","","No.5 Keyuan Road  South Building , Shenzhen, GD, 518057, CN","","AWSDataTransfer","AWS Data Transfer","Amazon Web Services, Inc.","APS1-DataTransfer-Out-Bytes",,"3510888","$0.120 per GB - up to 10 TB / month data transfer out","2015/05/01 00:00:00","2015/05/31 23:59:59","2151.55790202",,"USD","258.19","0.0","0.000000","None","258.190000"
"Estimated","102964196778","","PayerLineItem","5600000000251686653","2015/05/01 00:00:00","2015/05/31 23:59:59","2015/05/19 19:21:12","TP-LINK Technologies Co., Ltd.","","No.5 Keyuan Road  South Building , Shenzhen, GD, 518057, CN","","AWSDataTransfer","AWS Data Transfer","Amazon Web Services, Inc.","USE1-APN1-AWS-Out-Bytes",,"3510827","$0.02 per GB - US East (Northern Virginia) data transfer to Asia Pacific (Tokyo)","2015/05/01 00:00:00","2015/05/31 23:59:59","0.00055253",,"USD","0.01","0.0","0.000000","None","0.010000"
"Estimated","102964196778","","PayerLineItem","5600000000251686654","2015/05/01 00:00:00","2015/05/31 23:59:59","2015/05/19 19:21:12","TP-LINK Technologies Co., Ltd.","","No.5 Keyuan Road  South Building , Shenzhen, GD, 518057, CN","","AWSDataTransfer","AWS Data Transfer","Amazon Web Services, Inc.","APS1-APS2-AWS-In-Bytes",,"3510999","$0.00 per GB - Asia Pacific (Singapore) data transfer from Asia Pacific (Sydney)","2015/05/01 00:00:00","2015/05/31 23:59:59","0.00335947",,"USD","0.00","0.0","0.000000","None","0.000000"
"Estimated","102964196778","","PayerLineItem","5600000000256016921","2015/05/01 00:00:00","2015/05/31 23:59:59","2015/05/19 19:21:12","TP-LINK Technologies Co., Ltd.","","No.5 Keyuan Road  South Building , Shenzhen, GD, 518057, CN","","AWSDataTransfer","AWS Data Transfer","Amazon Web Services, Inc.","APN1-EUC1-AWS-Out-Bytes",,"3510986","$0.09 per GB - Asia Pacific (Tokyo) data transfer to EUC1 (FRA)","2015/05/01 00:00:00","2015/05/31 23:59:59","0.00001754",,"USD","0.01","0.0","0.000000","None","0.010000"
"Estimated","102964196778","","PayerLineItem","5600000000251686655","2015/05/01 00:00:00","2015/05/31 23:59:59","2015/05/19 19:21:12","TP-LINK Technologies Co., Ltd.","","No.5 Keyuan Road  South Building , Shenzhen, GD, 518057, CN","","AWSDataTransfer","AWS Data Transfer","Amazon Web Services, Inc.","APN1-USW1-AWS-Out-Bytes",,"3510972","$0.09 per GB - Asia Pacific (Tokyo) data transfer to US West (Northern California)","2015/05/01 00:00:00","2015/05/31 23:59:59","0.00072655",,"USD","0.01","0.0","0.000000","None","0.010000"
"Estimated","102964196778","","PayerLineItem","5600000000251686656","2015/05/01 00:00:00","2015/05/31 23:59:59","2015/05/19 19:21:12","TP-LINK Technologies Co., Ltd.","","No.5 Keyuan Road  South Building , Shenzhen, GD, 518057, CN","","AWSDataTransfer","AWS Data Transfer","Amazon Web Services, Inc.","EU-USE1-AWS-In-Bytes",,"3510788","$0.00 per GB - EU (Ireland) data transfer from US East (Northern Virginia)","2015/05/01 00:00:00","2015/05/31 23:59:59","0.01505894",,"USD","0.00","0.0","0.000000","None","0.000000"
"Estimated","102964196778","","PayerLineItem","5600000000251686657","2015/05/01 00:00:00","2015/05/31 23:59:59","2015/05/19 19:21:12","TP-LINK Technologies Co., Ltd.","","No.5 Keyuan Road  South Building , Shenzhen, GD, 518057, CN","","AWSDataTransfer","AWS Data Transfer","Amazon Web Services, Inc.","APN1-DataTransfer-In-Bytes",,"3510893","$0.000 per GB - data transfer in per month","2015/05/01 00:00:00","2015/05/31 23:59:59","19.65401335",,"USD","0.00","0.0","0.000000","None","0.000000"
"Estimated","102964196778","","PayerLineItem","5600000000251686658","2015/05/01 00:00:00","2015/05/31 23:59:59","2015/05/19 19:21:12","TP-LINK Technologies Co., Ltd.","","No.5 Keyuan Road  South Building , Shenzhen, GD, 518057, CN","","AmazonDynamoDB","Amazon DynamoDB","Amazon Web Services, Inc.","APN1-TimedStorage-ByteHrs",,"3717205","$0.00 per GB-Month of storage for first 25 free GB-Months","2015/05/01 00:00:00","2015/05/31 23:59:59","0.09106725",,"USD","0.00","0.0","0.000000","None","0.000000"
"Estimated","102964196778","","PayerLineItem","5600000000251686659","2015/05/01 00:00:00","2015/05/31 23:59:59","2015/05/19 19:21:12","TP-LINK Technologies Co., Ltd.","","No.5 Keyuan Road  South Building , Shenzhen, GD, 518057, CN","","AmazonEC2","Amazon Elastic Compute Cloud","Amazon Web Services, Inc.","APS2-BoxUsage:t2.micro","RunInstances","4868582","$0.020 per On Demand Linux t2.micro Instance Hour","2015/05/01 00:00:00","2015/05/31 23:59:59","448.0",,"USD","8.96","0.0","0.000000","None","8.960000"
"Estimated","102964196778","","PayerLineItem","5600000000251686660","2015/05/01 00:00:00","2015/05/31 23:59:59","2015/05/19 19:21:12","TP-LINK Technologies Co., Ltd.","","No.5 Keyuan Road  South Building , Shenzhen, GD, 518057, CN","","AWSDataTransfer","AWS Data Transfer","Amazon Web Services, Inc.","DataTransfer-Regional-Bytes",,"3510876","$0.010 per GB - regional data transfer - in/out/between EC2 AZs or using IPs or ELB","2015/05/01 00:00:00","2015/05/31 23:59:59","9.82753873",,"USD","0.10","0.0","0.000000","None","0.100000"
"Estimated","102964196778","","PayerLineItem","5600000000251686661","2015/05/01 00:00:00","2015/05/31 23:59:59","2015/05/19 19:21:12","TP-LINK Technologies Co., Ltd.","","No.5 Keyuan Road  South Building , Shenzhen, GD, 518057, CN","","AWSDataTransfer","AWS Data Transfer","Amazon Web Services, Inc.","USE1-USW2-AWS-In-Bytes",,"3510834","$0.00 per GB - US East (Northern Virginia) data transfer from US West (Oregon)","2015/05/01 00:00:00","2015/05/31 23:59:59","0.00060254",,"USD","0.00","0.0","0.000000","None","0.000000"
"Estimated","102964196778","","PayerLineItem","5600000000251686662","2015/05/01 00:00:00","2015/05/31 23:59:59","2015/05/19 19:21:12","TP-LINK Technologies Co., Ltd.","","No.5 Keyuan Road  South Building , Shenzhen, GD, 518057, CN","","AWSDataTransfer","AWS Data Transfer","Amazon Web Services, Inc.","EU-USW1-AWS-In-Bytes",,"3510786","$0.00 per GB - EU (Ireland) data transfer from US West (Northern California)","2015/05/01 00:00:00","2015/05/31 23:59:59","0.00184105",,"USD","0.00","0.0","0.000000","None","0.000000"
"Estimated","102964196778","","PayerLineItem","5600000000251686663","2015/05/01 00:00:00","2015/05/31 23:59:59","2015/05/19 19:21:12","TP-LINK Technologies Co., Ltd.","","No.5 Keyuan Road  South Building , Shenzhen, GD, 518057, CN","","AWSDataTransfer","AWS Data Transfer","Amazon Web Services, Inc.","DataTransfer-Out-Bytes",,"3510871","$0.000 per GB - first 1 GB of data transferred out per month","2015/05/01 00:00:00","2015/05/31 23:59:59","1.0",,"USD","0.00","0.0","0.000000","None","0.000000"
"Estimated","102964196778","","PayerLineItem","5600000000251686664","2015/05/01 00:00:00","2015/05/31 23:59:59","2015/05/19 19:21:12","TP-LINK Technologies Co., Ltd.","","No.5 Keyuan Road  South Building , Shenzhen, GD, 518057, CN","","AWSDataTransfer","AWS Data Transfer","Amazon Web Services, Inc.","USE1-SAE1-AWS-Out-Bytes",,"3510829","$0.02 per GB - US East (Northern Virginia) data transfer to South America (Sao Paulo)","2015/05/01 00:00:00","2015/05/31 23:59:59","0.00023113",,"USD","0.01","0.0","0.000000","None","0.010000"
"Estimated","102964196778","","PayerLineItem","5600000000251686665","2015/05/01 00:00:00","2015/05/31 23:59:59","2015/05/19 19:21:12","TP-LINK Technologies Co., Ltd.","","No.5 Keyuan Road  South Building , Shenzhen, GD, 518057, CN","","AmazonEC2","Amazon Elastic Compute Cloud","Amazon Web Services, Inc.","APN1-EBS:VolumeUsage",,"4870202","$0.08 per GB-month of Magnetic provisioned storage - Asia Pacific (Tokyo)","2015/05/01 00:00:00","2015/05/31 23:59:59","64.45161276",,"USD","5.16","0.0","0.000000","None","5.160000"
"Estimated","102964196778","","PayerLineItem","5600000000251686666","2015/05/01 00:00:00","2015/05/31 23:59:59","2015/05/19 19:21:12","TP-LINK Technologies Co., Ltd.","","No.5 Keyuan Road  South Building , Shenzhen, GD, 518057, CN","","AmazonElastiCache","Amazon ElastiCache","Amazon Web Services, Inc.","APS1-NodeUsage:cache.m3.xlarge","CreateCacheCluster:0001","3816054","$0.485 per  Enhanced Extra Large Cache node-hour (or partial hour) running Memcached","2015/05/01 00:00:00","2015/05/31 23:59:59","254.0",,"USD","123.19","0.0","0.000000","None","123.190000"
"Estimated","102964196778","","PayerLineItem","5600000000251686667","2015/05/01 00:00:00","2015/05/31 23:59:59","2015/05/19 19:21:12","TP-LINK Technologies Co., Ltd.","","No.5 Keyuan Road  South Building , Shenzhen, GD, 518057, CN","","AmazonCloudFront","Amazon CloudFront","Amazon Web Services, Inc.","US-Requests-Tier1","GET","3506643","$0.0075 per 10,000 HTTP Requests","2015/05/01 00:00:00","2015/05/31 23:59:59","23.0",,"USD","0.01","0.0","0.000000","None","0.010000"
"Estimated","102964196778","","PayerLineItem","5600000000251686668","2015/05/01 00:00:00","2015/05/31 23:59:59","2015/05/19 19:21:12","TP-LINK Technologies Co., Ltd.","","No.5 Keyuan Road  South Building , Shenzhen, GD, 518057, CN","","AmazonEC2","Amazon Elastic Compute Cloud","Amazon Web Services, Inc.","EU-BoxUsage:m3.medium","RunInstances","4871196","$0.077 per On Demand Linux m3.medium Instance Hour","2015/05/01 00:00:00","2015/05/31 23:59:59","1792.0",,"USD","137.98","0.0","0.000000","None","137.980000"
"Estimated","102964196778","","PayerLineItem","5600000000251686669","2015/05/01 00:00:00","2015/05/31 23:59:59","2015/05/19 19:21:12","TP-LINK Technologies Co., Ltd.","","No.5 Keyuan Road  South Building , Shenzhen, GD, 518057, CN","","AWSDataTransfer","AWS Data Transfer","Amazon Web Services, Inc.","APS1-DataTransfer-Regional-Bytes",,"3510892","$0.010 per GB - regional data transfer - in/out/between EC2 AZs or using IPs or ELB","2015/05/01 00:00:00","2015/05/31 23:59:59","100.77082755",,"USD","1.01","0.0","0.000000","None","1.010000"
"Estimated","102964196778","","PayerLineItem","5600000000251859426","2015/05/01 00:00:00","2015/05/31 23:59:59","2015/05/19 19:21:12","TP-LINK Technologies Co., Ltd.","","No.5 Keyuan Road  South Building , Shenzhen, GD, 518057, CN","","AWSDataTransfer","AWS Data Transfer","Amazon Web Services, Inc.","DataTransfer-Out-Bytes",,"3510872","$0.090 per GB - up to 10 TB / month data transfer out","2015/05/01 00:00:00","2015/05/31 23:59:59","2.67575873",,"USD","0.24","0.0","0.000000","None","0.240000"
"Estimated","102964196778","","PayerLineItem","5600000000253493417","2015/05/01 00:00:00","2015/05/31 23:59:59","2015/05/19 19:21:12","TP-LINK Technologies Co., Ltd.","","No.5 Keyuan Road  South Building , Shenzhen, GD, 518057, CN","","AmazonEC2","Amazon Elastic Compute Cloud","Amazon Web Services, Inc.","APS1-CW:Requests",,"4870368","$0.01 per 1,000 requests","2015/05/01 00:00:00","2015/05/31 23:59:59","1591127.0",,"USD","15.91","0.0","0.000000","None","15.910000"
"Estimated","102964196778","","PayerLineItem","5600000000251686670","2015/05/01 00:00:00","2015/05/31 23:59:59","2015/05/19 19:21:12","TP-LINK Technologies Co., Ltd.","","No.5 Keyuan Road  South Building , Shenzhen, GD, 518057, CN","","AmazonCloudFront","Amazon CloudFront","Amazon Web Services, Inc.","AU-Requests-Tier1","GET","3506617","$0.0090 per 10,000 HTTP Requests","2015/05/01 00:00:00","2015/05/31 23:59:59","4.0",,"USD","0.01","0.0","0.000000","None","0.010000"
"Estimated","102964196778","","PayerLineItem","5600000000251686671","2015/05/01 00:00:00","2015/05/31 23:59:59","2015/05/19 19:21:12","TP-LINK Technologies Co., Ltd.","","No.5 Keyuan Road  South Building , Shenzhen, GD, 518057, CN","","AmazonEC2","Amazon Elastic Compute Cloud","Amazon Web Services, Inc.","APS1-CW:AlarmMonitorUsage",,"4870346","$0.00 per alarm-month - first 10 alarms","2015/05/01 00:00:00","2015/05/31 23:59:59","5.41935744",,"USD","0.00","0.0","0.000000","None","0.000000"
"Estimated","102964196778","","PayerLineItem","5600000000251859427","2015/05/01 00:00:00","2015/05/31 23:59:59","2015/05/19 19:21:12","TP-LINK Technologies Co., Ltd.","","No.5 Keyuan Road  South Building , Shenzhen, GD, 518057, CN","","AmazonSNS","Amazon Simple Notification Service","Amazon Web Services, Inc.","APN1-Requests-Tier1",,"4610337","First 1,000,000 Amazon SNS API Requests per month are free","2015/05/01 00:00:00","2015/05/31 23:59:59","4.0",,"USD","0.00","0.0","0.000000","None","0.000000"
"Estimated","102964196778","","PayerLineItem","5600000000251686672","2015/05/01 00:00:00","2015/05/31 23:59:59","2015/05/19 19:21:12","TP-LINK Technologies Co., Ltd.","","No.5 Keyuan Road  South Building , Shenzhen, GD, 518057, CN","","AmazonEC2","Amazon Elastic Compute Cloud","Amazon Web Services, Inc.","APS1-BoxUsage:m3.medium","RunInstances","4869136","$0.098 per On Demand Linux m3.medium Instance Hour","2015/05/01 00:00:00","2015/05/31 23:59:59","3757.0",,"USD","368.19","0.0","0.000000","None","368.190000"
"Estimated","102964196778","","PayerLineItem","5600000000251686673","2015/05/01 00:00:00","2015/05/31 23:59:59","2015/05/19 19:21:12","TP-LINK Technologies Co., Ltd.","","No.5 Keyuan Road  South Building , Shenzhen, GD, 518057, CN","","AmazonEC2","Amazon Elastic Compute Cloud","Amazon Web Services, Inc.","DataProcessing-Bytes","LoadBalancing","4870390","$0.008 per GB Data Processed by the LoadBalancer","2015/05/01 00:00:00","2015/05/31 23:59:59","25.21726106",,"USD","0.20","0.0","0.000000","None","0.200000"
"Estimated","102964196778","","PayerLineItem","5600000000251686674","2015/05/01 00:00:00","2015/05/31 23:59:59","2015/05/19 19:21:12","TP-LINK Technologies Co., Ltd.","","No.5 Keyuan Road  South Building , Shenzhen, GD, 518057, CN","","AmazonEC2","Amazon Elastic Compute Cloud","Amazon Web Services, Inc.","EU-BoxUsage:c3.large","RunInstances","4871287","$0.120 per On Demand Linux c3.large Instance Hour","2015/05/01 00:00:00","2015/05/31 23:59:59","896.0",,"USD","107.52","0.0","0.000000","None","107.520000"
"Estimated","102964196778","","PayerLineItem","5600000000251686675","2015/05/01 00:00:00","2015/05/31 23:59:59","2015/05/19 19:21:12","TP-LINK Technologies Co., Ltd.","","No.5 Keyuan Road  South Building , Shenzhen, GD, 518057, CN","","AmazonDynamoDB","Amazon DynamoDB","Amazon Web Services, Inc.","APS1-ReadCapacityUnit-Hrs","CommittedThroughput","3717232","$0.00 per hour for 25 units of read capacity for a month (free tier)","2015/05/01 00:00:00","2015/05/31 23:59:59","18600.0",,"USD","0.00","0.0","0.000000","None","0.000000"
"Estimated","102964196778","","PayerLineItem","5600000000251686676","2015/05/01 00:00:00","2015/05/31 23:59:59","2015/05/19 19:21:12","TP-LINK Technologies Co., Ltd.","","No.5 Keyuan Road  South Building , Shenzhen, GD, 518057, CN","","AmazonCloudFront","Amazon CloudFront","Amazon Web Services, Inc.","IN-DataTransfer-Out-Bytes",,"3506614","$0.170 per GB - first 10 TB / month data transfer out (India)","2015/05/01 00:00:00","2015/05/31 23:59:59","0.32498027",,"USD","0.06","0.0","0.000000","None","0.060000"
"Estimated","102964196778","","PayerLineItem","5600000000251686677","2015/05/01 00:00:00","2015/05/31 23:59:59","2015/05/19 19:21:12","TP-LINK Technologies Co., Ltd.","","No.5 Keyuan Road  South Building , Shenzhen, GD, 518057, CN","","AmazonEC2","Amazon Elastic Compute Cloud","Amazon Web Services, Inc.","APS2-EBS:VolumeUsage.gp2",,"4870188","$0.12 per GB-month of General Purpose (SSD) provisioned storage  - Asia Pacific (Sydney)","2015/05/01 00:00:00","2015/05/31 23:59:59","4.80645243",,"USD","0.58","0.0","0.000000","None","0.580000"
"Estimated","102964196778","","PayerLineItem","5600000000251686678","2015/05/01 00:00:00","2015/05/31 23:59:59","2015/05/19 19:21:12","TP-LINK Technologies Co., Ltd.","","No.5 Keyuan Road  South Building , Shenzhen, GD, 518057, CN","","AmazonS3","Amazon Simple Storage Service","Amazon Web Services, Inc.","APN1-Requests-Tier1",,"3309782","$0.0047 per 1,000 PUT, COPY, POST, or LIST requests","2015/05/01 00:00:00","2015/05/31 23:59:59","467.0",,"USD","0.01","0.0","0.000000","None","0.010000"
"Estimated","102964196778","","PayerLineItem","5600000000251686679","2015/05/01 00:00:00","2015/05/31 23:59:59","2015/05/19 19:21:12","TP-LINK Technologies Co., Ltd.","","No.5 Keyuan Road  South Building , Shenzhen, GD, 518057, CN","","AmazonEC2","Amazon Elastic Compute Cloud","Amazon Web Services, Inc.","APN1-ElasticIP:IdleAddress",,"4870398","$0.00 per Elastic IP address not attached to a running instance for the first hour","2015/05/01 00:00:00","2015/05/31 23:59:59","1.0",,"USD","0.00","0.0","0.000000","None","0.000000"
"Estimated","102964196778","","PayerLineItem","5600000000251686680","2015/05/01 00:00:00","2015/05/31 23:59:59","2015/05/19 19:21:12","TP-LINK Technologies Co., Ltd.","","No.5 Keyuan Road  South Building , Shenzhen, GD, 518057, CN","","AmazonS3","Amazon Simple Storage Service","Amazon Web Services, Inc.","APS1-Requests-Tier1",,"3309744","$0.005 per 1,000 PUT, COPY, POST, or LIST requests","2015/05/01 00:00:00","2015/05/31 23:59:59","10489.0",,"USD","0.05","0.0","0.000000","None","0.050000"
"Estimated","102964196778","","PayerLineItem","5600000000254387095","2015/05/01 00:00:00","2015/05/31 23:59:59","2015/05/19 19:21:12","TP-LINK Technologies Co., Ltd.","","No.5 Keyuan Road  South Building , Shenzhen, GD, 518057, CN","","AmazonEC2","Amazon Elastic Compute Cloud","Amazon Web Services, Inc.","EBS:SnapshotUsage",,"4870187","$0.095 per GB-Month of snapshot data stored - US East (Northern Virginia)","2015/05/01 00:00:00","2015/05/31 23:59:59","19.91173194",,"USD","1.89","0.0","0.000000","None","1.890000"
"Estimated","102964196778","","PayerLineItem","5600000000251686681","2015/05/01 00:00:00","2015/05/31 23:59:59","2015/05/19 19:21:12","TP-LINK Technologies Co., Ltd.","","No.5 Keyuan Road  South Building , Shenzhen, GD, 518057, CN","","AmazonEC2","Amazon Elastic Compute Cloud","Amazon Web Services, Inc.","APS1-EBS:VolumeIOUsage",,"4870198","$0.08 per 1 million I/O requests - Asia Pacific (Singapore)","2015/05/01 00:00:00","2015/05/31 23:59:59","1171706.0",,"USD","0.09","0.0","0.000000","None","0.090000"
"Estimated","102964196778","","PayerLineItem","5600000000251686682","2015/05/01 00:00:00","2015/05/31 23:59:59","2015/05/19 19:21:12","TP-LINK Technologies Co., Ltd.","","No.5 Keyuan Road  South Building , Shenzhen, GD, 518057, CN","","AWSDataTransfer","AWS Data Transfer","Amazon Web Services, Inc.","USE1-USW1-AWS-In-Bytes",,"3510836","$0.00 per GB - US East (Northern Virginia) data transfer from US West (Northern California)","2015/05/01 00:00:00","2015/05/31 23:59:59","0.00055688",,"USD","0.00","0.0","0.000000","None","0.000000"
"Estimated","102964196778","","PayerLineItem","5600000000251686683","2015/05/01 00:00:00","2015/05/31 23:59:59","2015/05/19 19:21:12","TP-LINK Technologies Co., Ltd.","","No.5 Keyuan Road  South Building , Shenzhen, GD, 518057, CN","","AmazonEC2","Amazon Elastic Compute Cloud","Amazon Web Services, Inc.","APS1-EBS:VolumeUsage",,"4870196","$0.08 per GB-month of Magnetic provisioned storage - Asia Pacific (Singapore)","2015/05/01 00:00:00","2015/05/31 23:59:59","54.95698884",,"USD","4.40","0.0","0.000000","None","4.400000"
"Estimated","102964196778","","PayerLineItem","5600000000251686684","2015/05/01 00:00:00","2015/05/31 23:59:59","2015/05/19 19:21:12","TP-LINK Technologies Co., Ltd.","","No.5 Keyuan Road  South Building , Shenzhen, GD, 518057, CN","","AmazonCloudFront","Amazon CloudFront","Amazon Web Services, Inc.","JP-Requests-Tier2-HTTPS",,"3506659","$0.012 per 10,000 HTTPS Requests","2015/05/01 00:00:00","2015/05/31 23:59:59","6508.0",,"USD","0.01","0.0","0.000000","None","0.010000"
"Estimated","102964196778","","PayerLineItem","5600000000251686685","2015/05/01 00:00:00","2015/05/31 23:59:59","2015/05/19 19:21:12","TP-LINK Technologies Co., Ltd.","","No.5 Keyuan Road  South Building , Shenzhen, GD, 518057, CN","","AWSDataTransfer","AWS Data Transfer","Amazon Web Services, Inc.","APS2-USE1-AWS-In-Bytes",,"3510806","$0.00 per GB - Asia Pacific (Sydney) data transfer from US East (Northern Virginia)","2015/05/01 00:00:00","2015/05/31 23:59:59","0.00000724",,"USD","0.00","0.0","0.000000","None","0.000000"
"Estimated","102964196778","","PayerLineItem","5600000000249839747","2015/05/01 00:00:00","2015/05/31 23:59:59","2015/05/19 19:21:12","TP-LINK Technologies Co., Ltd.","","No.5 Keyuan Road  South Building , Shenzhen, GD, 518057, CN","","AmazonS3","Amazon Simple Storage Service","Amazon Web Services, Inc.","TimedStorage-ByteHrs",,"3309731","$0.0300 per GB - first 1 TB / month of storage used","2015/05/01 00:00:00","2015/05/31 23:59:59","0.28128824",,"USD","0.01","0.0","0.000000","None","0.010000"
"Estimated","102964196778","","PayerLineItem","5600000000255218906","2015/05/01 00:00:00","2015/05/31 23:59:59","2015/05/19 19:21:12","TP-LINK Technologies Co., Ltd.","","No.5 Keyuan Road  South Building , Shenzhen, GD, 518057, CN","","AmazonEC2","Amazon Elastic Compute Cloud","Amazon Web Services, Inc.","APS1-CW:MetricMonitorUsage",,"4870323","$0.50 per metric-month","2015/05/01 00:00:00","2015/05/31 23:59:59","2.02956867",,"USD","1.01","0.0","0.000000","None","1.010000"
"Estimated","102964196778","","PayerLineItem","5600000000251686686","2015/05/01 00:00:00","2015/05/31 23:59:59","2015/05/19 19:21:12","TP-LINK Technologies Co., Ltd.","","No.5 Keyuan Road  South Building , Shenzhen, GD, 518057, CN","","AmazonEC2","Amazon Elastic Compute Cloud","Amazon Web Services, Inc.","BoxUsage:t2.micro","RunInstances","4870861","$0.013 per On Demand Linux t2.micro Instance Hour","2015/05/01 00:00:00","2015/05/31 23:59:59","2240.0",,"USD","29.12","0.0","0.000000","None","29.120000"
"Estimated","102964196778","","PayerLineItem","5600000000251686687","2015/05/01 00:00:00","2015/05/31 23:59:59","2015/05/19 19:21:12","TP-LINK Technologies Co., Ltd.","","No.5 Keyuan Road  South Building , Shenzhen, GD, 518057, CN","","AmazonEC2","Amazon Elastic Compute Cloud","Amazon Web Services, Inc.","APN1-ElasticIP:IdleAddress",,"4870399","$0.005 per Elastic IP address not attached to a running instance per hour (prorated)","2015/05/01 00:00:00","2015/05/31 23:59:59","446.0",,"USD","2.23","0.0","0.000000","None","2.230000"
"Estimated","102964196778","","PayerLineItem","5600000000251686688","2015/05/01 00:00:00","2015/05/31 23:59:59","2015/05/19 19:21:12","TP-LINK Technologies Co., Ltd.","","No.5 Keyuan Road  South Building , Shenzhen, GD, 518057, CN","","AmazonElastiCache","Amazon ElastiCache","Amazon Web Services, Inc.","APN1-NodeUsage:cache.m3.medium","CreateCacheCluster:0001","3816073","$0.12 per  Enhanced Medium Cache node-hour (or partial hour) running Memcached","2015/05/01 00:00:00","2015/05/31 23:59:59","1344.0",,"USD","161.28","0.0","0.000000","None","161.280000"
"Estimated","102964196778","","PayerLineItem","5600000000251686689","2015/05/01 00:00:00","2015/05/31 23:59:59","2015/05/19 19:21:12","TP-LINK Technologies Co., Ltd.","","No.5 Keyuan Road  South Building , Shenzhen, GD, 518057, CN","","AmazonEC2","Amazon Elastic Compute Cloud","Amazon Web Services, Inc.","APS1-DataProcessing-Bytes","LoadBalancing","4870388","$0.008 per GB Data Processed by the LoadBalancer","2015/05/01 00:00:00","2015/05/31 23:59:59","20745.07924413",,"USD","165.96","0.0","0.000000","None","165.960000"
"Estimated","102964196778","","PayerLineItem","5600000000251686690","2015/05/01 00:00:00","2015/05/31 23:59:59","2015/05/19 19:21:12","TP-LINK Technologies Co., Ltd.","","No.5 Keyuan Road  South Building , Shenzhen, GD, 518057, CN","","AmazonDynamoDB","Amazon DynamoDB","Amazon Web Services, Inc.","EU-TimedStorage-ByteHrs",,"3717252","$0.00 per GB-Month of storage for first 25 free GB-Months","2015/05/01 00:00:00","2015/05/31 23:59:59","0.00005411",,"USD","0.00","0.0","0.000000","None","0.000000"
"Estimated","102964196778","","PayerLineItem","5600000000251686691","2015/05/01 00:00:00","2015/05/31 23:59:59","2015/05/19 19:21:12","TP-LINK Technologies Co., Ltd.","","No.5 Keyuan Road  South Building , Shenzhen, GD, 518057, CN","","AmazonDynamoDB","Amazon DynamoDB","Amazon Web Services, Inc.","EU-ReadCapacityUnit-Hrs","CommittedThroughput","3717250","$0.00 per hour for 25 units of read capacity for a month (free tier)","2015/05/01 00:00:00","2015/05/31 23:59:59","18600.0",,"USD","0.00","0.0","0.000000","None","0.000000"
"Estimated","102964196778","","PayerLineItem","5600000000251686692","2015/05/01 00:00:00","2015/05/31 23:59:59","2015/05/19 19:21:12","TP-LINK Technologies Co., Ltd.","","No.5 Keyuan Road  South Building , Shenzhen, GD, 518057, CN","","AWSDataTransfer","AWS Data Transfer","Amazon Web Services, Inc.","APN1-DataTransfer-Regional-Bytes",,"3510899","$0.010 per GB - regional data transfer - in/out/between EC2 AZs or using IPs or ELB","2015/05/01 00:00:00","2015/05/31 23:59:59","7.67950571",,"USD","0.08","0.0","0.000000","None","0.080000"
"Estimated","102964196778","","PayerLineItem","5600000000251808523","2015/05/01 00:00:00","2015/05/31 23:59:59","2015/05/19 19:21:12","TP-LINK Technologies Co., Ltd.","","No.5 Keyuan Road  South Building , Shenzhen, GD, 518057, CN","","AWSDataTransfer","AWS Data Transfer","Amazon Web Services, Inc.","APS1-EUC1-AWS-Out-Bytes",,"3510807","$0.09 per GB - Asia Pacific (Singapore) data transfer to EUC1 (FRA)","2015/05/01 00:00:00","2015/05/31 23:59:59","0.00024826",,"USD","0.01","0.0","0.000000","None","0.010000"
"Estimated","102964196778","","PayerLineItem","5600000000251686693","2015/05/01 00:00:00","2015/05/31 23:59:59","2015/05/19 19:21:12","TP-LINK Technologies Co., Ltd.","","No.5 Keyuan Road  South Building , Shenzhen, GD, 518057, CN","","AWSDataTransfer","AWS Data Transfer","Amazon Web Services, Inc.","EU-DataTransfer-In-Bytes",,"3510877","$0.000 per GB - data transfer in per month","2015/05/01 00:00:00","2015/05/31 23:59:59","647.86094413",,"USD","0.00","0.0","0.000000","None","0.000000"
"Estimated","102964196778","","PayerLineItem","5600000000254387096","2015/05/01 00:00:00","2015/05/31 23:59:59","2015/05/19 19:21:12","TP-LINK Technologies Co., Ltd.","","No.5 Keyuan Road  South Building , Shenzhen, GD, 518057, CN","","AmazonDynamoDB","Amazon DynamoDB","Amazon Web Services, Inc.","ReadCapacityUnit-Hrs","CommittedThroughput","3717202","$0.00013 per hour for units of read capacity beyond the free tier","2015/05/01 00:00:00","2015/05/31 23:59:59","212120.0",,"USD","27.58","0.0","0.000000","None","27.580000"
"Estimated","102964196778","","PayerLineItem","5600000000251686694","2015/05/01 00:00:00","2015/05/31 23:59:59","2015/05/19 19:21:12","TP-LINK Technologies Co., Ltd.","","No.5 Keyuan Road  South Building , Shenzhen, GD, 518057, CN","","AmazonRDS","Amazon RDS Service","Amazon Web Services, Inc.","APS1-RDS:Multi-AZ-StorageUsage","CreateDBInstance","3314253","$0.22 per GB-month of provisioned storage for Multi-AZ deployments","2015/05/01 00:00:00","2015/05/31 23:59:59","1.70698922",,"USD","0.38","0.0","0.000000","None","0.380000"
"Estimated","102964196778","","PayerLineItem","5600000000251686695","2015/05/01 00:00:00","2015/05/31 23:59:59","2015/05/19 19:21:12","TP-LINK Technologies Co., Ltd.","","No.5 Keyuan Road  South Building , Shenzhen, GD, 518057, CN","","AWSDataTransfer","AWS Data Transfer","Amazon Web Services, Inc.","EU-DataTransfer-Out-Bytes",,"3510878","$0.000 per GB - first 1 GB of data transferred out per month","2015/05/01 00:00:00","2015/05/31 23:59:59","1.0",,"USD","0.00","0.0","0.000000","None","0.000000"
"Estimated","102964196778","","PayerLineItem","5600000000253582273","2015/05/01 00:00:00","2015/05/31 23:59:59","2015/05/19 19:21:12","TP-LINK Technologies Co., Ltd.","","No.5 Keyuan Road  South Building , Shenzhen, GD, 518057, CN","","AWSDataTransfer","AWS Data Transfer","Amazon Web Services, Inc.","APS2-EU-AWS-Out-Bytes",,"3510791","$0.14 per GB - Asia Pacific (Sydney) data transfer to EU (Ireland)","2015/05/01 00:00:00","2015/05/31 23:59:59","0.0042844",,"USD","0.01","0.0","0.000000","None","0.010000"
"Estimated","102964196778","","PayerLineItem","5600000000253422295","2015/05/01 00:00:00","2015/05/31 23:59:59","2015/05/19 19:21:12","TP-LINK Technologies Co., Ltd.","","No.5 Keyuan Road  South Building , Shenzhen, GD, 518057, CN","","AmazonDynamoDB","Amazon DynamoDB","Amazon Web Services, Inc.","EU-WriteCapacityUnit-Hrs","CommittedThroughput","3717247","$0.000735 per hour for units of write capacity beyond the free tier","2015/05/01 00:00:00","2015/05/31 23:59:59","117592.0",,"USD","86.43","0.0","0.000000","None","86.430000"
"Estimated","102964196778","","PayerLineItem","5600000000251686696","2015/05/01 00:00:00","2015/05/31 23:59:59","2015/05/19 19:21:12","TP-LINK Technologies Co., Ltd.","","No.5 Keyuan Road  South Building , Shenzhen, GD, 518057, CN","","AmazonS3","Amazon Simple Storage Service","Amazon Web Services, Inc.","APS1-TimedStorage-ByteHrs",,"3309701","$0.0300 per GB - first 1 TB / month of storage used","2015/05/01 00:00:00","2015/05/31 23:59:59","2.09516423",,"USD","0.06","0.0","0.000000","None","0.060000"
"Estimated","102964196778","","PayerLineItem","5600000000251686697","2015/05/01 00:00:00","2015/05/31 23:59:59","2015/05/19 19:21:12","TP-LINK Technologies Co., Ltd.","","No.5 Keyuan Road  South Building , Shenzhen, GD, 518057, CN","","AmazonElastiCache","Amazon ElastiCache","Amazon Web Services, Inc.","EU-NodeUsage:cache.t2.micro","CreateCacheCluster:0001","3815979","$0.018 per T2 Micro Cache node-hour (or partial hour) running Memcached","2015/05/01 00:00:00","2015/05/31 23:59:59","896.0",,"USD","16.13","0.0","0.000000","None","16.130000"
"Estimated","102964196778","","PayerLineItem","5600000000251686698","2015/05/01 00:00:00","2015/05/31 23:59:59","2015/05/19 19:21:12","TP-LINK Technologies Co., Ltd.","","No.5 Keyuan Road  South Building , Shenzhen, GD, 518057, CN","","AWSConfig","AWS Config","Amazon Web Services, Inc.","ConfigurationItemRecorded",,"4485727","$0.003 per Configuration Item recorded in US East (N.Virginia) region","2015/05/01 00:00:00","2015/05/31 23:59:59","130.0",,"USD","0.39","0.0","0.000000","None","0.390000"
"Estimated","102964196778","","PayerLineItem","5600000000254387097","2015/05/01 00:00:00","2015/05/31 23:59:59","2015/05/19 19:21:12","TP-LINK Technologies Co., Ltd.","","No.5 Keyuan Road  South Building , Shenzhen, GD, 518057, CN","","AmazonEC2","Amazon Elastic Compute Cloud","Amazon Web Services, Inc.","APN1-EBS:SnapshotUsage",,"4870205","$0.095 per GB-Month of snapshot data stored - Asia Pacific (Tokyo)","2015/05/01 00:00:00","2015/05/31 23:59:59","30.25135242",,"USD","2.87","0.0","0.000000","None","2.870000"
"Estimated","102964196778","","PayerLineItem","5600000000251686699","2015/05/01 00:00:00","2015/05/31 23:59:59","2015/05/19 19:21:12","TP-LINK Technologies Co., Ltd.","","No.5 Keyuan Road  South Building , Shenzhen, GD, 518057, CN","","AWSDataTransfer","AWS Data Transfer","Amazon Web Services, Inc.","EU-UGW1-AWS-Out-Bytes",,"3510781","$0.02 per GB - EU (Ireland) data transfer to AWS GovCloud (US)","2015/05/01 00:00:00","2015/05/31 23:59:59","0.00064894",,"USD","0.01","0.0","0.000000","None","0.010000"
"Estimated","102964196778","","PayerLineItem","5600000000251686700","2015/05/01 00:00:00","2015/05/31 23:59:59","2015/05/19 19:21:12","TP-LINK Technologies Co., Ltd.","","No.5 Keyuan Road  South Building , Shenzhen, GD, 518057, CN","","AWSDataTransfer","AWS Data Transfer","Amazon Web Services, Inc.","APS1-CloudFront-In-Bytes",,"3510744","$0.00 per GB data transfer in to Asia Pacific (Singapore) from CloudFront","2015/05/01 00:00:00","2015/05/31 23:59:59","0.4041585",,"USD","0.00","0.0","0.000000","None","0.000000"
"Estimated","102964196778","","PayerLineItem","5600000000251686701","2015/05/01 00:00:00","2015/05/31 23:59:59","2015/05/19 19:21:12","TP-LINK Technologies Co., Ltd.","","No.5 Keyuan Road  South Building , Shenzhen, GD, 518057, CN","","AWSDataTransfer","AWS Data Transfer","Amazon Web Services, Inc.","APS1-DataTransfer-In-Bytes",,"3510886","$0.000 per GB - data transfer in per month","2015/05/01 00:00:00","2015/05/31 23:59:59","20141.95905665",,"USD","0.00","0.0","0.000000","None","0.000000"
"Estimated","102964196778","","PayerLineItem","5600000000251686702","2015/05/01 00:00:00","2015/05/31 23:59:59","2015/05/19 19:21:12","TP-LINK Technologies Co., Ltd.","","No.5 Keyuan Road  South Building , Shenzhen, GD, 518057, CN","","AmazonCloudFront","Amazon CloudFront","Amazon Web Services, Inc.","EU-DataTransfer-Out-Bytes",,"3506645","$0.085 per GB - first 10 TB / month data transfer out","2015/05/01 00:00:00","2015/05/31 23:59:59","5.26234633",,"USD","0.45","0.0","0.000000","None","0.450000"
"Estimated","102964196778","","PayerLineItem","5600000000251686703","2015/05/01 00:00:00","2015/05/31 23:59:59","2015/05/19 19:21:12","TP-LINK Technologies Co., Ltd.","","No.5 Keyuan Road  South Building , Shenzhen, GD, 518057, CN","","AWSDataTransfer","AWS Data Transfer","Amazon Web Services, Inc.","APS2-DataTransfer-In-Bytes",,"3510843","$0.000 per GB - data transfer in per month","2015/05/01 00:00:00","2015/05/31 23:59:59","0.06506821",,"USD","0.00","0.0","0.000000","None","0.000000"
"Estimated","102964196778","","PayerLineItem","5600000000249839748","2015/05/01 00:00:00","2015/05/31 23:59:59","2015/05/19 19:21:12","TP-LINK Technologies Co., Ltd.","","No.5 Keyuan Road  South Building , Shenzhen, GD, 518057, CN","","AWSDataTransfer","AWS Data Transfer","Amazon Web Services, Inc.","EU-DataTransfer-Out-Bytes",,"3510879","$0.090 per GB - up to 10 TB / month data transfer out","2015/05/01 00:00:00","2015/05/31 23:59:59","52.73903263",,"USD","4.75","0.0","0.000000","None","4.750000"
"Estimated","102964196778","","PayerLineItem","5600000000251686704","2015/05/01 00:00:00","2015/05/31 23:59:59","2015/05/19 19:21:12","TP-LINK Technologies Co., Ltd.","","No.5 Keyuan Road  South Building , Shenzhen, GD, 518057, CN","","AmazonEC2","Amazon Elastic Compute Cloud","Amazon Web Services, Inc.","SAE1-CW:Requests",,"4870337","$0.00 per request - first 1,000,000 requests","2015/05/01 00:00:00","2015/05/31 23:59:59","947.0",,"USD","0.00","0.0","0.000000","None","0.000000"
"Estimated","102964196778","","PayerLineItem","5600000000251686705","2015/05/01 00:00:00","2015/05/31 23:59:59","2015/05/19 19:21:12","TP-LINK Technologies Co., Ltd.","","No.5 Keyuan Road  South Building , Shenzhen, GD, 518057, CN","","AmazonEC2","Amazon Elastic Compute Cloud","Amazon Web Services, Inc.","APN1-BoxUsage:c3.large","RunInstances","4869351","$0.128 per On Demand Linux c3.large Instance Hour","2015/05/01 00:00:00","2015/05/31 23:59:59","896.0",,"USD","114.69","0.0","0.000000","None","114.690000"
"Estimated","102964196778","","PayerLineItem","5600000000253369494","2015/05/01 00:00:00","2015/05/31 23:59:59","2015/05/19 19:21:12","TP-LINK Technologies Co., Ltd.","","No.5 Keyuan Road  South Building , Shenzhen, GD, 518057, CN","","AWSDataTransfer","AWS Data Transfer","Amazon Web Services, Inc.","APS2-USW1-AWS-Out-Bytes",,"3510803","$0.14 per GB - Asia Pacific (Sydney) data transfer to US West (Northern California)","2015/05/01 00:00:00","2015/05/31 23:59:59","1.1E-7",,"USD","0.00","0.0","0.000000","None","0.000000"
"Estimated","102964196778","","PayerLineItem","5600000000253431202","2015/05/01 00:00:00","2015/05/31 23:59:59","2015/05/19 19:21:12","TP-LINK Technologies Co., Ltd.","","No.5 Keyuan Road  South Building , Shenzhen, GD, 518057, CN","","AmazonDynamoDB","Amazon DynamoDB","Amazon Web Services, Inc.","APN1-WriteCapacityUnit-Hrs","CommittedThroughput","3717253","$0.000742 per hour for units of write capacity beyond the free tier","2015/05/01 00:00:00","2015/05/31 23:59:59","99672.0",,"USD","73.96","0.0","0.000000","None","73.960000"
"Estimated","102964196778","","PayerLineItem","5600000000251686706","2015/05/01 00:00:00","2015/05/31 23:59:59","2015/05/19 19:21:12","TP-LINK Technologies Co., Ltd.","","No.5 Keyuan Road  South Building , Shenzhen, GD, 518057, CN","","AmazonDynamoDB","Amazon DynamoDB","Amazon Web Services, Inc.","USW1-WriteCapacityUnit-Hrs","CommittedThroughput","3717242","$0.00 per hour for 25 units of write capacity for a month (free tier)","2015/05/01 00:00:00","2015/05/31 23:59:59","894.0",,"USD","0.00","0.0","0.000000","None","0.000000"
"Estimated","102964196778","","PayerLineItem","5600000000251686707","2015/05/01 00:00:00","2015/05/31 23:59:59","2015/05/19 19:21:12","TP-LINK Technologies Co., Ltd.","","No.5 Keyuan Road  South Building , Shenzhen, GD, 518057, CN","","AmazonEC2","Amazon Elastic Compute Cloud","Amazon Web Services, Inc.","APN1-DataProcessing-Bytes","LoadBalancing","4870387","$0.008 per GB Data Processed by the LoadBalancer ","2015/05/01 00:00:00","2015/05/31 23:59:59","22.02587402",,"USD","0.18","0.0","0.000000","None","0.180000"
"Estimated","102964196778","","PayerLineItem","5600000000251686708","2015/05/01 00:00:00","2015/05/31 23:59:59","2015/05/19 19:21:12","TP-LINK Technologies Co., Ltd.","","No.5 Keyuan Road  South Building , Shenzhen, GD, 518057, CN","","AWSDataTransfer","AWS Data Transfer","Amazon Web Services, Inc.","APS1-APN1-AWS-In-Bytes",,"3510997","$0.00 per GB - Asia Pacific (Singapore) data transfer from Asia Pacific (Tokyo)","2015/05/01 00:00:00","2015/05/31 23:59:59","0.55393893",,"USD","0.00","0.0","0.000000","None","0.000000"
"Estimated","102964196778","","PayerLineItem","5600000000253431203","2015/05/01 00:00:00","2015/05/31 23:59:59","2015/05/19 19:21:12","TP-LINK Technologies Co., Ltd.","","No.5 Keyuan Road  South Building , Shenzhen, GD, 518057, CN","","AmazonDynamoDB","Amazon DynamoDB","Amazon Web Services, Inc.","APS1-ReadCapacityUnit-Hrs","CommittedThroughput","3717208","$0.000148 per hour for units of read capacity beyond the free tier","2015/05/01 00:00:00","2015/05/31 23:59:59","109080.0",,"USD","16.14","0.0","0.000000","None","16.140000"
"Estimated","102964196778","","PayerLineItem","5600000000251686709","2015/05/01 00:00:00","2015/05/31 23:59:59","2015/05/19 19:21:12","TP-LINK Technologies Co., Ltd.","","No.5 Keyuan Road  South Building , Shenzhen, GD, 518057, CN","","AmazonEC2","Amazon Elastic Compute Cloud","Amazon Web Services, Inc.","EU-CW:Requests",,"4870364","$0.00 per request - first 1,000,000 requests","2015/05/01 00:00:00","2015/05/31 23:59:59","228814.0",,"USD","0.00","0.0","0.000000","None","0.000000"
"Estimated","102964196778","","PayerLineItem","5600000000251686710","2015/05/01 00:00:00","2015/05/31 23:59:59","2015/05/19 19:21:12","TP-LINK Technologies Co., Ltd.","","No.5 Keyuan Road  South Building , Shenzhen, GD, 518057, CN","","AWSDataTransfer","AWS Data Transfer","Amazon Web Services, Inc.","APN1-APS2-AWS-In-Bytes",,"3510981","$0.00 per GB - Asia Pacific (Tokyo) data transfer from Asia Pacific (Sydney)","2015/05/01 00:00:00","2015/05/31 23:59:59","0.00094327",,"USD","0.00","0.0","0.000000","None","0.000000"
"Estimated","102964196778","","PayerLineItem","5600000000251686711","2015/05/01 00:00:00","2015/05/31 23:59:59","2015/05/19 19:21:12","TP-LINK Technologies Co., Ltd.","","No.5 Keyuan Road  South Building , Shenzhen, GD, 518057, CN","","AWSDataTransfer","AWS Data Transfer","Amazon Web Services, Inc.","USE1-APS1-AWS-Out-Bytes",,"3510825","$0.02 per GB - US East (Northern Virginia) data transfer to Asia Pacific (Singapore)","2015/05/01 00:00:00","2015/05/31 23:59:59","0.02719712",,"USD","0.01","0.0","0.000000","None","0.010000"
"Estimated","102964196778","","PayerLineItem","5600000000251686712","2015/05/01 00:00:00","2015/05/31 23:59:59","2015/05/19 19:21:12","TP-LINK Technologies Co., Ltd.","","No.5 Keyuan Road  South Building , Shenzhen, GD, 518057, CN","","AmazonEC2","Amazon Elastic Compute Cloud","Amazon Web Services, Inc.","BoxUsage","RunInstances","4869853","$0.044 per On Demand Linux m1.small Instance Hour","2015/05/01 00:00:00","2015/05/31 23:59:59","448.0",,"USD","19.71","0.0","0.000000","None","19.710000"
"Estimated","102964196778","","PayerLineItem","5600000000251686713","2015/05/01 00:00:00","2015/05/31 23:59:59","2015/05/19 19:21:12","TP-LINK Technologies Co., Ltd.","","No.5 Keyuan Road  South Building , Shenzhen, GD, 518057, CN","","AmazonDynamoDB","Amazon DynamoDB","Amazon Web Services, Inc.","TimedStorage-ByteHrs",,"3717199","$0.00 per GB-Month of storage for first 25 free GB-Months","2015/05/01 00:00:00","2015/05/31 23:59:59","0.01139329",,"USD","0.00","0.0","0.000000","None","0.000000"
"Estimated","102964196778","","PayerLineItem","5600000000251686714","2015/05/01 00:00:00","2015/05/31 23:59:59","2015/05/19 19:21:12","TP-LINK Technologies Co., Ltd.","","No.5 Keyuan Road  South Building , Shenzhen, GD, 518057, CN","","AmazonEC2","Amazon Elastic Compute Cloud","Amazon Web Services, Inc.","APN1-BoxUsage:t1.micro","RunInstances","4869142","$0.026 per On Demand Linux t1.micro Instance Hour","2015/05/01 00:00:00","2015/05/31 23:59:59","448.0",,"USD","11.65","0.0","0.000000","None","11.650000"
"Estimated","102964196778","","PayerLineItem","5600000000251686715","2015/05/01 00:00:00","2015/05/31 23:59:59","2015/05/19 19:21:12","TP-LINK Technologies Co., Ltd.","","No.5 Keyuan Road  South Building , Shenzhen, GD, 518057, CN","","AWSDataTransfer","AWS Data Transfer","Amazon Web Services, Inc.","APN1-DataTransfer-Out-Bytes",,"3510894","$0.000 per GB - first 1 GB of data transferred out per month","2015/05/01 00:00:00","2015/05/31 23:59:59","1.0",,"USD","0.00","0.0","0.000000","None","0.000000"
"Estimated","102964196778","","PayerLineItem","5600000000254387098","2015/05/01 00:00:00","2015/05/31 23:59:59","2015/05/19 19:21:12","TP-LINK Technologies Co., Ltd.","","No.5 Keyuan Road  South Building , Shenzhen, GD, 518057, CN","","AmazonEC2","Amazon Elastic Compute Cloud","Amazon Web Services, Inc.","EU-EBS:SnapshotUsage",,"4870181","$0.095 per GB-Month of snapshot data stored - EU (Ireland)","2015/05/01 00:00:00","2015/05/31 23:59:59","6.89544792",,"USD","0.66","0.0","0.000000","None","0.660000"
"Estimated","102964196778","","PayerLineItem","5600000000251686717","2015/05/01 00:00:00","2015/05/31 23:59:59","2015/05/19 19:21:12","TP-LINK Technologies Co., Ltd.","","No.5 Keyuan Road  South Building , Shenzhen, GD, 518057, CN","","AmazonDynamoDB","Amazon DynamoDB","Amazon Web Services, Inc.","APN1-ReadCapacityUnit-Hrs","CommittedThroughput","3717207","$0.00 per hour for 25 units of read capacity for a month (free tier)","2015/05/01 00:00:00","2015/05/31 23:59:59","18600.0",,"USD","0.00","0.0","0.000000","None","0.000000"
"Estimated","102964196778","","PayerLineItem","5600000000251686718","2015/05/01 00:00:00","2015/05/31 23:59:59","2015/05/19 19:21:12","TP-LINK Technologies Co., Ltd.","","No.5 Keyuan Road  South Building , Shenzhen, GD, 518057, CN","","AWSDataTransfer","AWS Data Transfer","Amazon Web Services, Inc.","APS1-SAE1-AWS-In-Bytes",,"3510995","$0.00 per GB - Asia Pacific (Singapore) data transfer from South America (Sao Paulo)","2015/05/01 00:00:00","2015/05/31 23:59:59","0.00213142",,"USD","0.00","0.0","0.000000","None","0.000000"
"Estimated","102964196778","","PayerLineItem","5600000000251686719","2015/05/01 00:00:00","2015/05/31 23:59:59","2015/05/19 19:21:12","TP-LINK Technologies Co., Ltd.","","No.5 Keyuan Road  South Building , Shenzhen, GD, 518057, CN","","AWSDataTransfer","AWS Data Transfer","Amazon Web Services, Inc.","USE1-USW1-AWS-Out-Bytes",,"3510835","$0.02 per GB - US East (Northern Virginia) data transfer to US West (Northern California)","2015/05/01 00:00:00","2015/05/31 23:59:59","0.00066287",,"USD","0.01","0.0","0.000000","None","0.010000"
"Estimated","102964196778","","PayerLineItem","5600000000251686720","2015/05/01 00:00:00","2015/05/31 23:59:59","2015/05/19 19:21:12","TP-LINK Technologies Co., Ltd.","","No.5 Keyuan Road  South Building , Shenzhen, GD, 518057, CN","","AmazonCloudFront","Amazon CloudFront","Amazon Web Services, Inc.","US-DataTransfer-Out-Bytes",,"3506636","$0.085 per GB - first 10 TB / month data transfer out","2015/05/01 00:00:00","2015/05/31 23:59:59","1.04180606",,"USD","0.09","0.0","0.000000","None","0.090000"
"Estimated","102964196778","","PayerLineItem","5600000000251686721","2015/05/01 00:00:00","2015/05/31 23:59:59","2015/05/19 19:21:12","TP-LINK Technologies Co., Ltd.","","No.5 Keyuan Road  South Building , Shenzhen, GD, 518057, CN","","AWSDataTransfer","AWS Data Transfer","Amazon Web Services, Inc.","APN1-UGW1-AWS-In-Bytes",,"3510975","$0.00 per GB - Asia Pacific (Tokyo) data transfer from AWS GovCloud (US)","2015/05/01 00:00:00","2015/05/31 23:59:59","0.00081872",,"USD","0.00","0.0","0.000000","None","0.000000"
"Estimated","102964196778","","PayerLineItem","5600000000251686722","2015/05/01 00:00:00","2015/05/31 23:59:59","2015/05/19 19:21:12","TP-LINK Technologies Co., Ltd.","","No.5 Keyuan Road  South Building , Shenzhen, GD, 518057, CN","","AmazonCloudFront","Amazon CloudFront","Amazon Web Services, Inc.","JP-DataTransfer-Out-Bytes",,"3506651","$0.140 per GB - first 10 TB / month data transfer out","2015/05/01 00:00:00","2015/05/31 23:59:59","0.60815027",,"USD","0.09","0.0","0.000000","None","0.090000"
"Estimated","102964196778","","PayerLineItem","5600000000251686723","2015/05/01 00:00:00","2015/05/31 23:59:59","2015/05/19 19:21:12","TP-LINK Technologies Co., Ltd.","","No.5 Keyuan Road  South Building , Shenzhen, GD, 518057, CN","","AmazonCloudFront","Amazon CloudFront","Amazon Web Services, Inc.","AU-DataTransfer-Out-Bytes",,"3506671","$0.140 per GB - first 10 TB / month data transfer out","2015/05/01 00:00:00","2015/05/31 23:59:59","0.00002663",,"USD","0.01","0.0","0.000000","None","0.010000"
"Estimated","102964196778","","PayerLineItem","5600000000251808524","2015/05/01 00:00:00","2015/05/31 23:59:59","2015/05/19 19:21:12","TP-LINK Technologies Co., Ltd.","","No.5 Keyuan Road  South Building , Shenzhen, GD, 518057, CN","","AWSDataTransfer","AWS Data Transfer","Amazon Web Services, Inc.","APN1-DataTransfer-Out-Bytes",,"3510895","$0.140 per GB - up to 10 TB / month data transfer out","2015/05/01 00:00:00","2015/05/31 23:59:59","15.422168",,"USD","2.16","0.0","0.000000","None","2.160000"
"Estimated","102964196778","","PayerLineItem","5600000000251686724","2015/05/01 00:00:00","2015/05/31 23:59:59","2015/05/19 19:21:12","TP-LINK Technologies Co., Ltd.","","No.5 Keyuan Road  South Building , Shenzhen, GD, 518057, CN","","AWSDataTransfer","AWS Data Transfer","Amazon Web Services, Inc.","EU-APS1-AWS-Out-Bytes",,"3510775","$0.02 per GB - EU (Ireland) data transfer to Asia Pacific (Singapore)","2015/05/01 00:00:00","2015/05/31 23:59:59","0.01279783",,"USD","0.01","0.0","0.000000","None","0.010000"
"Estimated","102964196778","","PayerLineItem","5600000000251686725","2015/05/01 00:00:00","2015/05/31 23:59:59","2015/05/19 19:21:12","TP-LINK Technologies Co., Ltd.","","No.5 Keyuan Road  South Building , Shenzhen, GD, 518057, CN","","AWSDataTransfer","AWS Data Transfer","Amazon Web Services, Inc.","USE1-EU-AWS-Out-Bytes",,"3510821","$0.02 per GB - US East (Northern Virginia) data transfer to EU (Ireland)","2015/05/01 00:00:00","2015/05/31 23:59:59","0.00843119",,"USD","0.01","0.0","0.000000","None","0.010000"
"Estimated","102964196778","","PayerLineItem","5600000000251686726","2015/05/01 00:00:00","2015/05/31 23:59:59","2015/05/19 19:21:12","TP-LINK Technologies Co., Ltd.","","No.5 Keyuan Road  South Building , Shenzhen, GD, 518057, CN","","AWSDataTransfer","AWS Data Transfer","Amazon Web Services, Inc.","APS1-USW1-AWS-In-Bytes",,"3510989","$0.00 per GB - Asia Pacific (Singapore) data transfer from US West (Northern California)","2015/05/01 00:00:00","2015/05/31 23:59:59","0.00735454",,"USD","0.00","0.0","0.000000","None","0.000000"
"Estimated","102964196778","","PayerLineItem","5600000000251859428","2015/05/01 00:00:00","2015/05/31 23:59:59","2015/05/19 19:21:12","TP-LINK Technologies Co., Ltd.","","No.5 Keyuan Road  South Building , Shenzhen, GD, 518057, CN","","AmazonSNS","Amazon Simple Notification Service","Amazon Web Services, Inc.","APN1-DeliveryAttempts-SMTP",,"4610343","First 1,000 Amazon SNS Email/Email-JSON Notifications per month are free","2015/05/01 00:00:00","2015/05/31 23:59:59","1.0",,"USD","0.00","0.0","0.000000","None","0.000000"
"Estimated","102964196778","","PayerLineItem","5600000000251808525","2015/05/01 00:00:00","2015/05/31 23:59:59","2015/05/19 19:21:12","TP-LINK Technologies Co., Ltd.","","No.5 Keyuan Road  South Building , Shenzhen, GD, 518057, CN","","AmazonCloudFront","Amazon CloudFront","Amazon Web Services, Inc.","IN-Requests-Tier1","GET","3506610","$0.0090 per 10,000 HTTP Requests (India)","2015/05/01 00:00:00","2015/05/31 23:59:59","6.0",,"USD","0.01","0.0","0.000000","None","0.010000"
"Estimated","102964196778","","PayerLineItem","5600000000251686727","2015/05/01 00:00:00","2015/05/31 23:59:59","2015/05/19 19:21:12","TP-LINK Technologies Co., Ltd.","","No.5 Keyuan Road  South Building , Shenzhen, GD, 518057, CN","","AWSDataTransfer","AWS Data Transfer","Amazon Web Services, Inc.","APS1-EU-AWS-In-Bytes",,"3511001","$0.00 per GB - Asia Pacific (Singapore) data transfer from EU (Ireland)","2015/05/01 00:00:00","2015/05/31 23:59:59","0.09964946",,"USD","0.00","0.0","0.000000","None","0.000000"
"Estimated","102964196778","","PayerLineItem","5600000000249839749","2015/05/01 00:00:00","2015/05/31 23:59:59","2015/05/19 19:21:12","TP-LINK Technologies Co., Ltd.","","No.5 Keyuan Road  South Building , Shenzhen, GD, 518057, CN","","AmazonS3","Amazon Simple Storage Service","Amazon Web Services, Inc.","APN1-TimedStorage-ByteHrs",,"3309776","$0.0330 per GB - first 1 TB / month of storage used","2015/05/01 00:00:00","2015/05/31 23:59:59","1.76613608",,"USD","0.06","0.0","0.000000","None","0.060000"
"Estimated","102964196778","","PayerLineItem","5600000000254387099","2015/05/01 00:00:00","2015/05/31 23:59:59","2015/05/19 19:21:12","TP-LINK Technologies Co., Ltd.","","No.5 Keyuan Road  South Building , Shenzhen, GD, 518057, CN","","AmazonDynamoDB","Amazon DynamoDB","Amazon Web Services, Inc.","WriteCapacityUnit-Hrs","CommittedThroughput","3717204","$0.00065 per hour for units of write capacity beyond the free tier","2015/05/01 00:00:00","2015/05/31 23:59:59","212120.0",,"USD","137.88","0.0","0.000000","None","137.880000"
"Estimated","102964196778","","PayerLineItem","5600000000254445079","2015/05/01 00:00:00","2015/05/31 23:59:59","2015/05/19 19:21:12","TP-LINK Technologies Co., Ltd.","","No.5 Keyuan Road  South Building , Shenzhen, GD, 518057, CN","","AWSDataTransfer","AWS Data Transfer","Amazon Web Services, Inc.","USE1-CloudFront-Out-Bytes",,"3510755","$0.00 per GB data transfer out of US East (Northern Virginia) to CloudFront","2015/05/01 00:00:00","2015/05/31 23:59:59","0.01605326",,"USD","0.00","0.0","0.000000","None","0.000000"
"Estimated","102964196778","641466755530","LinkedLineItem","5600000000250922142","2015/05/01 00:00:00","2015/05/31 23:59:59","2015/05/19 19:21:12","TP-LINK Technologies Co., Ltd.","TP-LINK Cloud Beta","ç§æå­ç§æè·¯, 30åº5æ , æ·±å³, å¹¿ä¸, 518000, CN","","AmazonDynamoDB","Amazon DynamoDB","Amazon Web Services, Inc.","EU-ReadCapacityUnit-Hrs","CommittedThroughput","3717249","$0.000147 per hour for units of read capacity beyond the free tier","2015/05/01 00:00:00","2015/05/31 23:59:59","13888.0","0.0001268836","USD","1.762160","0.0","0.000000","None","1.762160"
"Estimated","102964196778","641466755530","LinkedLineItem","5600000000250753155","2015/05/01 00:00:00","2015/05/31 23:59:59","2015/05/19 19:21:12","TP-LINK Technologies Co., Ltd.","TP-LINK Cloud Beta","ç§æå­ç§æè·¯, 30åº5æ , æ·±å³, å¹¿ä¸, 518000, CN","","AWSDataTransfer","AWS Data Transfer","Amazon Web Services, Inc.","APS2-USW1-AWS-In-Bytes",,"3510804","$0.00 per GB - Asia Pacific (Sydney) data transfer from US West (Northern California)","2015/05/01 00:00:00","2015/05/31 23:59:59","1.4E-7","0.0","USD","0.000000","0.0","0.000000","None","0.000000"
"Estimated","102964196778","641466755530","LinkedLineItem","5600000000254333922","2015/05/01 00:00:00","2015/05/31 23:59:59","2015/05/19 19:21:12","TP-LINK Technologies Co., Ltd.","TP-LINK Cloud Beta","ç§æå­ç§æè·¯, 30åº5æ , æ·±å³, å¹¿ä¸, 518000, CN","","AmazonEC2","Amazon Elastic Compute Cloud","Amazon Web Services, Inc.","EU-CW:Requests",,"4870364","$0.00 per request - first 1,000,000 requests","2015/05/01 00:00:00","2015/05/31 23:59:59","384.0","0.0000072422","USD","0.002781","0.0","0.000000","None","0.002781"
"Estimated","102964196778","641466755530","LinkedLineItem","5600000000254333923","2015/05/01 00:00:00","2015/05/31 23:59:59","2015/05/19 19:21:12","TP-LINK Technologies Co., Ltd.","TP-LINK Cloud Beta","ç§æå­ç§æè·¯, 30åº5æ , æ·±å³, å¹¿ä¸, 518000, CN","","AWSDataTransfer","AWS Data Transfer","Amazon Web Services, Inc.","EU-DataTransfer-In-Bytes",,"3510877","$0.000 per GB - data transfer in per month","2015/05/01 00:00:00","2015/05/31 23:59:59","0.17171483","0.0","USD","0.000000","0.0","0.000000","None","0.000000"
"Estimated","102964196778","641466755530","LinkedLineItem","5600000000255007412","2015/05/01 00:00:00","2015/05/31 23:59:59","2015/05/19 19:21:12","TP-LINK Technologies Co., Ltd.","TP-LINK Cloud Beta","ç§æå­ç§æè·¯, 30åº5æ , æ·±å³, å¹¿ä¸, 518000, CN","","AmazonEC2","Amazon Elastic Compute Cloud","Amazon Web Services, Inc.","APS2-CW:Requests",,"4870369","$0.01 per 1,000 requests","2015/05/01 00:00:00","2015/05/31 23:59:59","384.0","0.000010","USD","0.003840","0.0","0.000000","None","0.003840"
"Estimated","102964196778","641466755530","LinkedLineItem","5600000000254333924","2015/05/01 00:00:00","2015/05/31 23:59:59","2015/05/19 19:21:12","TP-LINK Technologies Co., Ltd.","TP-LINK Cloud Beta","ç§æå­ç§æè·¯, 30åº5æ , æ·±å³, å¹¿ä¸, 518000, CN","","AWSDataTransfer","AWS Data Transfer","Amazon Web Services, Inc.","APS2-DataTransfer-Out-Bytes",,"3510842","$0.000 per GB - first 1 GB of data transferred out per month","2015/05/01 00:00:00","2015/05/31 23:59:59","0.14738587","0.0","USD","0.000000","0.0","0.000000","None","0.000000"
"Estimated","102964196778","641466755530","LinkedLineItem","5600000000253589119","2015/05/01 00:00:00","2015/05/31 23:59:59","2015/05/19 19:21:12","TP-LINK Technologies Co., Ltd.","TP-LINK Cloud Beta","ç§æå­ç§æè·¯, 30åº5æ , æ·±å³, å¹¿ä¸, 518000, CN","","AWSDataTransfer","AWS Data Transfer","Amazon Web Services, Inc.","APN1-EUC1-AWS-Out-Bytes",,"3510986","$0.09 per GB - Asia Pacific (Tokyo) data transfer to EUC1 (FRA)","2015/05/01 00:00:00","2015/05/31 23:59:59","0.00001754","0.1140250855","USD","0.000002","0.0","0.000000","None","0.000002"
"Estimated","102964196778","641466755530","LinkedLineItem","5600000000254333925","2015/05/01 00:00:00","2015/05/31 23:59:59","2015/05/19 19:21:12","TP-LINK Technologies Co., Ltd.","TP-LINK Cloud Beta","ç§æå­ç§æè·¯, 30åº5æ , æ·±å³, å¹¿ä¸, 518000, CN","","AmazonEC2","Amazon Elastic Compute Cloud","Amazon Web Services, Inc.","USW1-CW:Requests",,"4870363","$0.00 per request - first 1,000,000 requests","2015/05/01 00:00:00","2015/05/31 23:59:59","384.0","0.0","USD","0.000000","0.0","0.000000","None","0.000000"
"Estimated","102964196778","641466755530","LinkedLineItem","5600000000254333926","2015/05/01 00:00:00","2015/05/31 23:59:59","2015/05/19 19:21:12","TP-LINK Technologies Co., Ltd.","TP-LINK Cloud Beta","ç§æå­ç§æè·¯, 30åº5æ , æ·±å³, å¹¿ä¸, 518000, CN","","AmazonEC2","Amazon Elastic Compute Cloud","Amazon Web Services, Inc.","CW:Requests",,"4870362","$0.00 per request - first 1,000,000 requests","2015/05/01 00:00:00","2015/05/31 23:59:59","2899.0","0.0","USD","0.000000","0.0","0.000000","None","0.000000"
"Estimated","102964196778","641466755530","LinkedLineItem","5600000000254333927","2015/05/01 00:00:00","2015/05/31 23:59:59","2015/05/19 19:21:12","TP-LINK Technologies Co., Ltd.","TP-LINK Cloud Beta","ç§æå­ç§æè·¯, 30åº5æ , æ·±å³, å¹¿ä¸, 518000, CN","","AmazonElastiCache","Amazon ElastiCache","Amazon Web Services, Inc.","EU-NodeUsage:cache.t2.micro","CreateCacheCluster:0001","3815979","$0.018 per T2 Micro Cache node-hour (or partial hour) running Memcached","2015/05/01 00:00:00","2015/05/31 23:59:59","896.0","0.018","USD","16.128000","0.0","0.000000","None","16.128000"
"Estimated","102964196778","641466755530","LinkedLineItem","5600000000254333928","2015/05/01 00:00:00","2015/05/31 23:59:59","2015/05/19 19:21:12","TP-LINK Technologies Co., Ltd.","TP-LINK Cloud Beta","ç§æå­ç§æè·¯, 30åº5æ , æ·±å³, å¹¿ä¸, 518000, CN","","AWSDataTransfer","AWS Data Transfer","Amazon Web Services, Inc.","APS2-USE1-AWS-Out-Bytes",,"3510805","$0.14 per GB - Asia Pacific (Sydney) data transfer to US East (Northern Virginia)","2015/05/01 00:00:00","2015/05/31 23:59:59","0.00000872","0.1146788991","USD","0.000001","0.0","0.000000","None","0.000001"
"Estimated","102964196778","641466755530","LinkedLineItem","5600000000254333929","2015/05/01 00:00:00","2015/05/31 23:59:59","2015/05/19 19:21:12","TP-LINK Technologies Co., Ltd.","TP-LINK Cloud Beta","ç§æå­ç§æè·¯, 30åº5æ , æ·±å³, å¹¿ä¸, 518000, CN","","AmazonEC2","Amazon Elastic Compute Cloud","Amazon Web Services, Inc.","EU-CW:MetricMonitorUsage",,"4870355","$0.00 per metric-month - first 10 metrics","2015/05/01 00:00:00","2015/05/31 23:59:59","4.2056442","0.0","USD","0.000000","0.0","0.000000","None","0.000000"
"Estimated","102964196778","641466755530","LinkedLineItem","5600000000255007413","2015/05/01 00:00:00","2015/05/31 23:59:59","2015/05/19 19:21:12","TP-LINK Technologies Co., Ltd.","TP-LINK Cloud Beta","ç§æå­ç§æè·¯, 30åº5æ , æ·±å³, å¹¿ä¸, 518000, CN","","AmazonEC2","Amazon Elastic Compute Cloud","Amazon Web Services, Inc.","APN1-CW:Requests",,"4870367","$0.01 per 1,000 requests","2015/05/01 00:00:00","2015/05/31 23:59:59","384.0","0.000010","USD","0.003840","0.0","0.000000","None","0.003840"
"Estimated","102964196778","641466755530","LinkedLineItem","5600000000254333931","2015/05/01 00:00:00","2015/05/31 23:59:59","2015/05/19 19:21:12","TP-LINK Technologies Co., Ltd.","TP-LINK Cloud Beta","ç§æå­ç§æè·¯, 30åº5æ , æ·±å³, å¹¿ä¸, 518000, CN","","AWSDataTransfer","AWS Data Transfer","Amazon Web Services, Inc.","EU-APS1-AWS-In-Bytes",,"3510776","$0.00 per GB - EU (Ireland) data transfer from Asia Pacific (Singapore)","2015/05/01 00:00:00","2015/05/31 23:59:59","0.00581499","0.0","USD","0.000000","0.0","0.000000","None","0.000000"
"Estimated","102964196778","641466755530","LinkedLineItem","5600000000250828384","2015/05/01 00:00:00","2015/05/31 23:59:59","2015/05/19 19:21:12","TP-LINK Technologies Co., Ltd.","TP-LINK Cloud Beta","ç§æå­ç§æè·¯, 30åº5æ , æ·±å³, å¹¿ä¸, 518000, CN","","AmazonDynamoDB","Amazon DynamoDB","Amazon Web Services, Inc.","APN1-WriteCapacityUnit-Hrs","CommittedThroughput","3717253","$0.000742 per hour for units of write capacity beyond the free tier","2015/05/01 00:00:00","2015/05/31 23:59:59","17920.0","0.0006253097","USD","11.205550","0.0","0.000000","None","11.205550"
"Estimated","102964196778","641466755530","LinkedLineItem","5600000000254333933","2015/05/01 00:00:00","2015/05/31 23:59:59","2015/05/19 19:21:12","TP-LINK Technologies Co., Ltd.","TP-LINK Cloud Beta","ç§æå­ç§æè·¯, 30åº5æ , æ·±å³, å¹¿ä¸, 518000, CN","","AmazonEC2","Amazon Elastic Compute Cloud","Amazon Web Services, Inc.","APN1-EBS:VolumeUsage.gp2",,"4870200","$0.12 per GB-month of General Purpose (SSD) provisioned storage - Asia Pacific (Tokyo)","2015/05/01 00:00:00","2015/05/31 23:59:59","52.51612908","0.1199999907","USD","6.301935","0.0","0.000000","None","6.301935"
"Estimated","102964196778","641466755530","LinkedLineItem","5600000000255114625","2015/05/01 00:00:00","2015/05/31 23:59:59","2015/05/19 19:21:12","TP-LINK Technologies Co., Ltd.","TP-LINK Cloud Beta","ç§æå­ç§æè·¯, 30åº5æ , æ·±å³, å¹¿ä¸, 518000, CN","","AWSDataTransfer","AWS Data Transfer","Amazon Web Services, Inc.","APS2-EU-AWS-Out-Bytes",,"3510791","$0.14 per GB - Asia Pacific (Sydney) data transfer to EU (Ireland)","2015/05/01 00:00:00","2015/05/31 23:59:59","0.0042844","0.1400429465","USD","0.000600","0.0","0.000000","None","0.000600"
"Estimated","102964196778","641466755530","LinkedLineItem","5600000000254333934","2015/05/01 00:00:00","2015/05/31 23:59:59","2015/05/19 19:21:12","TP-LINK Technologies Co., Ltd.","TP-LINK Cloud Beta","ç§æå­ç§æè·¯, 30åº5æ , æ·±å³, å¹¿ä¸, 518000, CN","","AWSDataTransfer","AWS Data Transfer","Amazon Web Services, Inc.","EU-USW1-AWS-In-Bytes",,"3510786","$0.00 per GB - EU (Ireland) data transfer from US West (Northern California)","2015/05/01 00:00:00","2015/05/31 23:59:59","0.00101927","0.0","USD","0.000000","0.0","0.000000","None","0.000000"
"Estimated","102964196778","641466755530","LinkedLineItem","5600000000250789377","2015/05/01 00:00:00","2015/05/31 23:59:59","2015/05/19 19:21:12","TP-LINK Technologies Co., Ltd.","TP-LINK Cloud Beta","ç§æå­ç§æè·¯, 30åº5æ , æ·±å³, å¹¿ä¸, 518000, CN","","AWSDataTransfer","AWS Data Transfer","Amazon Web Services, Inc.","EU-DataTransfer-Out-Bytes",,"3510879","$0.090 per GB - up to 10 TB / month data transfer out","2015/05/01 00:00:00","2015/05/31 23:59:59","0.39081873","0.0883248354","USD","0.034519","0.0","0.000000","None","0.034519"
"Estimated","102964196778","641466755530","LinkedLineItem","5600000000250837998","2015/05/01 00:00:00","2015/05/31 23:59:59","2015/05/19 19:21:12","TP-LINK Technologies Co., Ltd.","TP-LINK Cloud Beta","ç§æå­ç§æè·¯, 30åº5æ , æ·±å³, å¹¿ä¸, 518000, CN","","AmazonDynamoDB","Amazon DynamoDB","Amazon Web Services, Inc.","APN1-ReadCapacityUnit-Hrs","CommittedThroughput","3717255","$0.0001484 per hour for units of read capacity beyond the free tier","2015/05/01 00:00:00","2015/05/31 23:59:59","17920.0","0.000125062","USD","2.241111","0.0","0.000000","None","2.241111"
"Estimated","102964196778","641466755530","LinkedLineItem","5600000000257013578","2015/05/01 00:00:00","2015/05/31 23:59:59","2015/05/19 19:21:12","TP-LINK Technologies Co., Ltd.","TP-LINK Cloud Beta","ç§æå­ç§æè·¯, 30åº5æ , æ·±å³, å¹¿ä¸, 518000, CN","","AmazonEC2","Amazon Elastic Compute Cloud","Amazon Web Services, Inc.","APS1-CW:Requests",,"4870368","$0.01 per 1,000 requests","2015/05/01 00:00:00","2015/05/31 23:59:59","384.0","0.000010","USD","0.003840","0.0","0.000000","None","0.003840"
"Estimated","102964196778","641466755530","LinkedLineItem","5600000000254333937","2015/05/01 00:00:00","2015/05/31 23:59:59","2015/05/19 19:21:12","TP-LINK Technologies Co., Ltd.","TP-LINK Cloud Beta","ç§æå­ç§æè·¯, 30åº5æ , æ·±å³, å¹¿ä¸, 518000, CN","","AmazonEC2","Amazon Elastic Compute Cloud","Amazon Web Services, Inc.","APN1-BoxUsage:t2.micro","RunInstances","4869160","$0.020 per On Demand Linux t2.micro Instance Hour","2015/05/01 00:00:00","2015/05/31 23:59:59","1344.0","0.02","USD","26.880000","0.0","0.000000","None","26.880000"
"Estimated","102964196778","641466755530","LinkedLineItem","5600000000254333938","2015/05/01 00:00:00","2015/05/31 23:59:59","2015/05/19 19:21:12","TP-LINK Technologies Co., Ltd.","TP-LINK Cloud Beta","ç§æå­ç§æè·¯, 30åº5æ , æ·±å³, å¹¿ä¸, 518000, CN","","AmazonElastiCache","Amazon ElastiCache","Amazon Web Services, Inc.","APN1-NodeUsage:cache.m3.medium","CreateCacheCluster:0001","3816073","$0.12 per  Enhanced Medium Cache node-hour (or partial hour) running Memcached","2015/05/01 00:00:00","2015/05/31 23:59:59","1344.0","0.12","USD","161.280000","0.0","0.000000","None","161.280000"
"Estimated","102964196778","641466755530","LinkedLineItem","5600000000254333939","2015/05/01 00:00:00","2015/05/31 23:59:59","2015/05/19 19:21:12","TP-LINK Technologies Co., Ltd.","TP-LINK Cloud Beta","ç§æå­ç§æè·¯, 30åº5æ , æ·±å³, å¹¿ä¸, 518000, CN","","AmazonEC2","Amazon Elastic Compute Cloud","Amazon Web Services, Inc.","EU-LoadBalancerUsage","LoadBalancing","4870380","$0.028 per LoadBalancer-hour (or partial hour)","2015/05/01 00:00:00","2015/05/31 23:59:59","2240.0","0.028","USD","62.720000","0.0","0.000000","None","62.720000"
"Estimated","102964196778","641466755530","LinkedLineItem","5600000000254333940","2015/05/01 00:00:00","2015/05/31 23:59:59","2015/05/19 19:21:12","TP-LINK Technologies Co., Ltd.","TP-LINK Cloud Beta","ç§æå­ç§æè·¯, 30åº5æ , æ·±å³, å¹¿ä¸, 518000, CN","","AWSDataTransfer","AWS Data Transfer","Amazon Web Services, Inc.","APN1-APS2-AWS-Out-Bytes",,"3510982","$0.09 per GB - Asia Pacific (Tokyo) data transfer to Asia Pacific (Sydney)","2015/05/01 00:00:00","2015/05/31 23:59:59","0.00042352","0.0897242161","USD","0.000038","0.0","0.000000","None","0.000038"
"Estimated","102964196778","641466755530","LinkedLineItem","5600000000253540881","2015/05/01 00:00:00","2015/05/31 23:59:59","2015/05/19 19:21:12","TP-LINK Technologies Co., Ltd.","TP-LINK Cloud Beta","ç§æå­ç§æè·¯, 30åº5æ , æ·±å³, å¹¿ä¸, 518000, CN","","AWSDataTransfer","AWS Data Transfer","Amazon Web Services, Inc.","APS2-USW2-AWS-Out-Bytes",,"3510801","$0.14 per GB - Asia Pacific (Sydney) data transfer to US West (Oregon)","2015/05/01 00:00:00","2015/05/31 23:59:59","4.0E-7","0.0","USD","0.000000","0.0","0.000000","None","0.000000"
"Estimated","102964196778","641466755530","LinkedLineItem","5600000000254333941","2015/05/01 00:00:00","2015/05/31 23:59:59","2015/05/19 19:21:12","TP-LINK Technologies Co., Ltd.","TP-LINK Cloud Beta","ç§æå­ç§æè·¯, 30åº5æ , æ·±å³, å¹¿ä¸, 518000, CN","","AWSDataTransfer","AWS Data Transfer","Amazon Web Services, Inc.","APN1-USW1-AWS-In-Bytes",,"3510971","$0.00 per GB - Asia Pacific (Tokyo) data transfer from US West (Northern California)","2015/05/01 00:00:00","2015/05/31 23:59:59","0.00839616","0.0","USD","0.000000","0.0","0.000000","None","0.000000"
"Estimated","102964196778","641466755530","LinkedLineItem","5600000000254333942","2015/05/01 00:00:00","2015/05/31 23:59:59","2015/05/19 19:21:12","TP-LINK Technologies Co., Ltd.","TP-LINK Cloud Beta","ç§æå­ç§æè·¯, 30åº5æ , æ·±å³, å¹¿ä¸, 518000, CN","","AWSDataTransfer","AWS Data Transfer","Amazon Web Services, Inc.","APN1-USW2-AWS-In-Bytes",,"3510973","$0.00 per GB - Asia Pacific (Tokyo) data transfer from US West (Oregon)","2015/05/01 00:00:00","2015/05/31 23:59:59","0.00206977","0.0","USD","0.000000","0.0","0.000000","None","0.000000"
"Estimated","102964196778","641466755530","LinkedLineItem","5600000000254333943","2015/05/01 00:00:00","2015/05/31 23:59:59","2015/05/19 19:21:12","TP-LINK Technologies Co., Ltd.","TP-LINK Cloud Beta","ç§æå­ç§æè·¯, 30åº5æ , æ·±å³, å¹¿ä¸, 518000, CN","","AWSDataTransfer","AWS Data Transfer","Amazon Web Services, Inc.","APN1-EU-AWS-In-Bytes",,"3510983","$0.00 per GB - Asia Pacific (Tokyo) data transfer from EU (Ireland)","2015/05/01 00:00:00","2015/05/31 23:59:59","0.00343035","0.0","USD","0.000000","0.0","0.000000","None","0.000000"
"Estimated","102964196778","641466755530","LinkedLineItem","5600000000254333944","2015/05/01 00:00:00","2015/05/31 23:59:59","2015/05/19 19:21:12","TP-LINK Technologies Co., Ltd.","TP-LINK Cloud Beta","ç§æå­ç§æè·¯, 30åº5æ , æ·±å³, å¹¿ä¸, 518000, CN","","AmazonEC2","Amazon Elastic Compute Cloud","Amazon Web Services, Inc.","SAE1-CW:Requests",,"4870337","$0.00 per request - first 1,000,000 requests","2015/05/01 00:00:00","2015/05/31 23:59:59","384.0","0.0","USD","0.000000","0.0","0.000000","None","0.000000"
"Estimated","102964196778","641466755530","LinkedLineItem","5600000000254473862","2015/05/01 00:00:00","2015/05/31 23:59:59","2015/05/19 19:21:12","TP-LINK Technologies Co., Ltd.","TP-LINK Cloud Beta","ç§æå­ç§æè·¯, 30åº5æ , æ·±å³, å¹¿ä¸, 518000, CN","","AmazonDynamoDB","Amazon DynamoDB","Amazon Web Services, Inc.","EU-TimedStorage-ByteHrs",,"3717252","$0.00 per GB-Month of storage for first 25 free GB-Months","2015/05/01 00:00:00","2015/05/31 23:59:59","2.8E-7","0.0","USD","0.000000","0.0","0.000000","None","0.000000"
"Estimated","102964196778","641466755530","LinkedLineItem","5600000000258010270","2015/05/01 00:00:00","2015/05/31 23:59:59","2015/05/19 19:21:12","TP-LINK Technologies Co., Ltd.","TP-LINK Cloud Beta","ç§æå­ç§æè·¯, 30åº5æ , æ·±å³, å¹¿ä¸, 518000, CN","","AWSDataTransfer","AWS Data Transfer","Amazon Web Services, Inc.","APS2-SAE1-AWS-Out-Bytes",,"3510797","$0.14 per GB - Asia Pacific (Sydney) data transfer to South America (Sao Paulo)","2015/05/01 00:00:00","2015/05/31 23:59:59","1.1E-7","0.0","USD","0.000000","0.0","0.000000","None","0.000000"
"Estimated","102964196778","641466755530","LinkedLineItem","5600000000254333946","2015/05/01 00:00:00","2015/05/31 23:59:59","2015/05/19 19:21:12","TP-LINK Technologies Co., Ltd.","TP-LINK Cloud Beta","ç§æå­ç§æè·¯, 30åº5æ , æ·±å³, å¹¿ä¸, 518000, CN","","AWSDataTransfer","AWS Data Transfer","Amazon Web Services, Inc.","EU-UGW1-AWS-In-Bytes",,"3510782","$0.00 per GB - EU (Ireland) data transfer from AWS GovCloud (US)","2015/05/01 00:00:00","2015/05/31 23:59:59","0.00081872","0.0","USD","0.000000","0.0","0.000000","None","0.000000"
"Estimated","102964196778","641466755530","LinkedLineItem","5600000000254333947","2015/05/01 00:00:00","2015/05/31 23:59:59","2015/05/19 19:21:12","TP-LINK Technologies Co., Ltd.","TP-LINK Cloud Beta","ç§æå­ç§æè·¯, 30åº5æ , æ·±å³, å¹¿ä¸, 518000, CN","","AWSDataTransfer","AWS Data Transfer","Amazon Web Services, Inc.","EU-SAE1-AWS-Out-Bytes",,"3510779","$0.02 per GB - EU (Ireland) data transfer to South America (Sao Paulo)","2015/05/01 00:00:00","2015/05/31 23:59:59","0.00039596","0.020204061","USD","0.000008","0.0","0.000000","None","0.000008"
"Estimated","102964196778","641466755530","LinkedLineItem","5600000000255114626","2015/05/01 00:00:00","2015/05/31 23:59:59","2015/05/19 19:21:12","TP-LINK Technologies Co., Ltd.","TP-LINK Cloud Beta","ç§æå­ç§æè·¯, 30åº5æ , æ·±å³, å¹¿ä¸, 518000, CN","","AWSDataTransfer","AWS Data Transfer","Amazon Web Services, Inc.","APS2-EU-AWS-In-Bytes",,"3510792","$0.00 per GB - Asia Pacific (Sydney) data transfer from EU (Ireland)","2015/05/01 00:00:00","2015/05/31 23:59:59","0.00158774","0.0","USD","0.000000","0.0","0.000000","None","0.000000"
"Estimated","102964196778","641466755530","LinkedLineItem","5600000000250837999","2015/05/01 00:00:00","2015/05/31 23:59:59","2015/05/19 19:21:12","TP-LINK Technologies Co., Ltd.","TP-LINK Cloud Beta","ç§æå­ç§æè·¯, 30åº5æ , æ·±å³, å¹¿ä¸, 518000, CN","","AWSDataTransfer","AWS Data Transfer","Amazon Web Services, Inc.","APN1-CloudFront-Out-Bytes",,"3510745","$0.00 per GB data transfer out of Asia Pacific (Tokyo) to CloudFront","2015/05/01 00:00:00","2015/05/31 23:59:59","0.00295453","0.0","USD","0.000000","0.0","0.000000","None","0.000000"
"Estimated","102964196778","641466755530","LinkedLineItem","5600000000254333948","2015/05/01 00:00:00","2015/05/31 23:59:59","2015/05/19 19:21:12","TP-LINK Technologies Co., Ltd.","TP-LINK Cloud Beta","ç§æå­ç§æè·¯, 30åº5æ , æ·±å³, å¹¿ä¸, 518000, CN","","AWSDataTransfer","AWS Data Transfer","Amazon Web Services, Inc.","APN1-UGW1-AWS-Out-Bytes",,"3510976","$0.09 per GB - Asia Pacific (Tokyo) data transfer to AWS GovCloud (US)","2015/05/01 00:00:00","2015/05/31 23:59:59","0.00041273","0.0896469847","USD","0.000037","0.0","0.000000","None","0.000037"
"Estimated","102964196778","641466755530","LinkedLineItem","5600000000254333949","2015/05/01 00:00:00","2015/05/31 23:59:59","2015/05/19 19:21:12","TP-LINK Technologies Co., Ltd.","TP-LINK Cloud Beta","ç§æå­ç§æè·¯, 30åº5æ , æ·±å³, å¹¿ä¸, 518000, CN","","AWSDataTransfer","AWS Data Transfer","Amazon Web Services, Inc.","EU-APN1-AWS-Out-Bytes",,"3510777","$0.02 per GB - EU (Ireland) data transfer to Asia Pacific (Tokyo)","2015/05/01 00:00:00","2015/05/31 23:59:59","0.00058257","0.020598383","USD","0.000012","0.0","0.000000","None","0.000012"
"Estimated","102964196778","641466755530","LinkedLineItem","5600000000254333951","2015/05/01 00:00:00","2015/05/31 23:59:59","2015/05/19 19:21:12","TP-LINK Technologies Co., Ltd.","TP-LINK Cloud Beta","ç§æå­ç§æè·¯, 30åº5æ , æ·±å³, å¹¿ä¸, 518000, CN","","AWSDataTransfer","AWS Data Transfer","Amazon Web Services, Inc.","APN1-DataTransfer-Regional-Bytes",,"3510899","$0.010 per GB - regional data transfer - in/out/between EC2 AZs or using IPs or ELB","2015/05/01 00:00:00","2015/05/31 23:59:59","7.62940374","0.0099999951","USD","0.076294","0.0","0.000000","None","0.076294"
"Estimated","102964196778","641466755530","LinkedLineItem","5600000000254333952","2015/05/01 00:00:00","2015/05/31 23:59:59","2015/05/19 19:21:12","TP-LINK Technologies Co., Ltd.","TP-LINK Cloud Beta","ç§æå­ç§æè·¯, 30åº5æ , æ·±å³, å¹¿ä¸, 518000, CN","","AWSDataTransfer","AWS Data Transfer","Amazon Web Services, Inc.","EU-USW2-AWS-Out-Bytes",,"3510783","$0.02 per GB - EU (Ireland) data transfer to US West (Oregon)","2015/05/01 00:00:00","2015/05/31 23:59:59","0.00059361","0.0202152929","USD","0.000012","0.0","0.000000","None","0.000012"
"Estimated","102964196778","641466755530","LinkedLineItem","5600000000254333953","2015/05/01 00:00:00","2015/05/31 23:59:59","2015/05/19 19:21:12","TP-LINK Technologies Co., Ltd.","TP-LINK Cloud Beta","ç§æå­ç§æè·¯, 30åº5æ , æ·±å³, å¹¿ä¸, 518000, CN","","AWSDataTransfer","AWS Data Transfer","Amazon Web Services, Inc.","APN1-USE1-AWS-Out-Bytes",,"3510970","$0.09 per GB - Asia Pacific (Tokyo) data transfer to US East (Northern Virginia)","2015/05/01 00:00:00","2015/05/31 23:59:59","0.00698697","0.0900247174","USD","0.000629","0.0","0.000000","None","0.000629"
"Estimated","102964196778","641466755530","LinkedLineItem","5600000000254333954","2015/05/01 00:00:00","2015/05/31 23:59:59","2015/05/19 19:21:12","TP-LINK Technologies Co., Ltd.","TP-LINK Cloud Beta","ç§æå­ç§æè·¯, 30åº5æ , æ·±å³, å¹¿ä¸, 518000, CN","","AWSDataTransfer","AWS Data Transfer","Amazon Web Services, Inc.","EU-APS1-AWS-Out-Bytes",,"3510775","$0.02 per GB - EU (Ireland) data transfer to Asia Pacific (Singapore)","2015/05/01 00:00:00","2015/05/31 23:59:59","0.00101021","0.0197978638","USD","0.000020","0.0","0.000000","None","0.000020"
"Estimated","102964196778","641466755530","LinkedLineItem","5600000000254333955","2015/05/01 00:00:00","2015/05/31 23:59:59","2015/05/19 19:21:12","TP-LINK Technologies Co., Ltd.","TP-LINK Cloud Beta","ç§æå­ç§æè·¯, 30åº5æ , æ·±å³, å¹¿ä¸, 518000, CN","","AmazonDynamoDB","Amazon DynamoDB","Amazon Web Services, Inc.","EU-WriteCapacityUnit-Hrs","CommittedThroughput","3717248","$0.00 per hour for 25 units of write capacity for a month (free tier)","2015/05/01 00:00:00","2015/05/31 23:59:59","13888.0","0.0006346197","USD","8.813598","0.0","0.000000","None","8.813598"
"Estimated","102964196778","641466755530","LinkedLineItem","5600000000254333956","2015/05/01 00:00:00","2015/05/31 23:59:59","2015/05/19 19:21:12","TP-LINK Technologies Co., Ltd.","TP-LINK Cloud Beta","ç§æå­ç§æè·¯, 30åº5æ , æ·±å³, å¹¿ä¸, 518000, CN","","AWSDataTransfer","AWS Data Transfer","Amazon Web Services, Inc.","APN1-USW1-AWS-Out-Bytes",,"3510972","$0.09 per GB - Asia Pacific (Tokyo) data transfer to US West (Northern California)","2015/05/01 00:00:00","2015/05/31 23:59:59","0.00063564","0.0896734","USD","0.000057","0.0","0.000000","None","0.000057"
"Estimated","102964196778","641466755530","LinkedLineItem","5600000000254333957","2015/05/01 00:00:00","2015/05/31 23:59:59","2015/05/19 19:21:12","TP-LINK Technologies Co., Ltd.","TP-LINK Cloud Beta","ç§æå­ç§æè·¯, 30åº5æ , æ·±å³, å¹¿ä¸, 518000, CN","","AWSDataTransfer","AWS Data Transfer","Amazon Web Services, Inc.","APN1-SAE1-AWS-In-Bytes",,"3510977","$0.00 per GB - Asia Pacific (Tokyo) data transfer from South America (Sao Paulo)","2015/05/01 00:00:00","2015/05/31 23:59:59","0.00094799","0.0","USD","0.000000","0.0","0.000000","None","0.000000"
"Estimated","102964196778","641466755530","LinkedLineItem","5600000000255007414","2015/05/01 00:00:00","2015/05/31 23:59:59","2015/05/19 19:21:12","TP-LINK Technologies Co., Ltd.","TP-LINK Cloud Beta","ç§æå­ç§æè·¯, 30åº5æ , æ·±å³, å¹¿ä¸, 518000, CN","","AmazonEC2","Amazon Elastic Compute Cloud","Amazon Web Services, Inc.","USW2-CW:Requests",,"4870375","$0.01 per 1,000 requests","2015/05/01 00:00:00","2015/05/31 23:59:59","384.0","0.000010","USD","0.003840","0.0","0.000000","None","0.003840"
"Estimated","102964196778","641466755530","LinkedLineItem","5600000000253589120","2015/05/01 00:00:00","2015/05/31 23:59:59","2015/05/19 19:21:12","TP-LINK Technologies Co., Ltd.","TP-LINK Cloud Beta","ç§æå­ç§æè·¯, 30åº5æ , æ·±å³, å¹¿ä¸, 518000, CN","","AWSDataTransfer","AWS Data Transfer","Amazon Web Services, Inc.","APN1-EUC1-AWS-In-Bytes",,"3510985","$0.00 per GB - Asia Pacific (Tokyo) data transfer from EUC1 (FRA)","2015/05/01 00:00:00","2015/05/31 23:59:59","0.00003065","0.0","USD","0.000000","0.0","0.000000","None","0.000000"
"Estimated","102964196778","641466755530","LinkedLineItem","5600000000254333959","2015/05/01 00:00:00","2015/05/31 23:59:59","2015/05/19 19:21:12","TP-LINK Technologies Co., Ltd.","TP-LINK Cloud Beta","ç§æå­ç§æè·¯, 30åº5æ , æ·±å³, å¹¿ä¸, 518000, CN","","AmazonEC2","Amazon Elastic Compute Cloud","Amazon Web Services, Inc.","APN1-LoadBalancerUsage","LoadBalancing","4870377","$0.027 per LoadBalancer-hour (or partial hour) ","2015/05/01 00:00:00","2015/05/31 23:59:59","2688.0","0.027","USD","72.576000","0.0","0.000000","None","72.576000"
"Estimated","102964196778","641466755530","LinkedLineItem","5600000000254333960","2015/05/01 00:00:00","2015/05/31 23:59:59","2015/05/19 19:21:12","TP-LINK Technologies Co., Ltd.","TP-LINK Cloud Beta","ç§æå­ç§æè·¯, 30åº5æ , æ·±å³, å¹¿ä¸, 518000, CN","","AWSDataTransfer","AWS Data Transfer","Amazon Web Services, Inc.","EU-USE1-AWS-Out-Bytes",,"3510787","$0.02 per GB - EU (Ireland) data transfer to US East (Northern Virginia)","2015/05/01 00:00:00","2015/05/31 23:59:59","0.00359794","0.020011451","USD","0.000072","0.0","0.000000","None","0.000072"
"Estimated","102964196778","641466755530","LinkedLineItem","5600000000258010271","2015/05/01 00:00:00","2015/05/31 23:59:59","2015/05/19 19:21:12","TP-LINK Technologies Co., Ltd.","TP-LINK Cloud Beta","ç§æå­ç§æè·¯, 30åº5æ , æ·±å³, å¹¿ä¸, 518000, CN","","AWSDataTransfer","AWS Data Transfer","Amazon Web Services, Inc.","APS2-SAE1-AWS-In-Bytes",,"3510798","$0.00 per GB - Asia Pacific (Sydney) data transfer from South America (Sao Paulo)","2015/05/01 00:00:00","2015/05/31 23:59:59","1.2E-7","0.0","USD","0.000000","0.0","0.000000","None","0.000000"
"Estimated","102964196778","641466755530","LinkedLineItem","5600000000254333961","2015/05/01 00:00:00","2015/05/31 23:59:59","2015/05/19 19:21:12","TP-LINK Technologies Co., Ltd.","TP-LINK Cloud Beta","ç§æå­ç§æè·¯, 30åº5æ , æ·±å³, å¹¿ä¸, 518000, CN","","AmazonEC2","Amazon Elastic Compute Cloud","Amazon Web Services, Inc.","APN1-BoxUsage:t1.micro","RunInstances","4869142","$0.026 per On Demand Linux t1.micro Instance Hour","2015/05/01 00:00:00","2015/05/31 23:59:59","448.0","0.026","USD","11.648000","0.0","0.000000","None","11.648000"
"Estimated","102964196778","641466755530","LinkedLineItem","5600000000254333962","2015/05/01 00:00:00","2015/05/31 23:59:59","2015/05/19 19:21:12","TP-LINK Technologies Co., Ltd.","TP-LINK Cloud Beta","ç§æå­ç§æè·¯, 30åº5æ , æ·±å³, å¹¿ä¸, 518000, CN","","AmazonDynamoDB","Amazon DynamoDB","Amazon Web Services, Inc.","APN1-TimedStorage-ByteHrs",,"3717205","$0.00 per GB-Month of storage for first 25 free GB-Months","2015/05/01 00:00:00","2015/05/31 23:59:59","0.00000601","0.0","USD","0.000000","0.0","0.000000","None","0.000000"
"Estimated","102964196778","641466755530","LinkedLineItem","5600000000254333963","2015/05/01 00:00:00","2015/05/31 23:59:59","2015/05/19 19:21:12","TP-LINK Technologies Co., Ltd.","TP-LINK Cloud Beta","ç§æå­ç§æè·¯, 30åº5æ , æ·±å³, å¹¿ä¸, 518000, CN","","AWSDataTransfer","AWS Data Transfer","Amazon Web Services, Inc.","APS2-DataTransfer-Regional-Bytes",,"3510837","$0.010 per GB - regional data transfer - in/out/between EC2 AZs or using IPs or ELB","2015/05/01 00:00:00","2015/05/31 23:59:59","0.02494692","0.0099811921","USD","0.000249","0.0","0.000000","None","0.000249"
"Estimated","102964196778","641466755530","LinkedLineItem","5600000000254333964","2015/05/01 00:00:00","2015/05/31 23:59:59","2015/05/19 19:21:12","TP-LINK Technologies Co., Ltd.","TP-LINK Cloud Beta","ç§æå­ç§æè·¯, 30åº5æ , æ·±å³, å¹¿ä¸, 518000, CN","","AWSDataTransfer","AWS Data Transfer","Amazon Web Services, Inc.","APN1-UGW1-AWS-In-Bytes",,"3510975","$0.00 per GB - Asia Pacific (Tokyo) data transfer from AWS GovCloud (US)","2015/05/01 00:00:00","2015/05/31 23:59:59","0.00081872","0.0","USD","0.000000","0.0","0.000000","None","0.000000"
"Estimated","102964196778","641466755530","LinkedLineItem","5600000000254333965","2015/05/01 00:00:00","2015/05/31 23:59:59","2015/05/19 19:21:12","TP-LINK Technologies Co., Ltd.","TP-LINK Cloud Beta","ç§æå­ç§æè·¯, 30åº5æ , æ·±å³, å¹¿ä¸, 518000, CN","","AmazonEC2","Amazon Elastic Compute Cloud","Amazon Web Services, Inc.","EU-DataProcessing-Bytes","LoadBalancing","4870391","$0.008 per GB Data Processed by the LoadBalancer","2015/05/01 00:00:00","2015/05/31 23:59:59","0.10107895","0.0080036447","USD","0.000809","0.0","0.000000","None","0.000809"
"Estimated","102964196778","641466755530","LinkedLineItem","5600000000251859429","2015/05/01 00:00:00","2015/05/31 23:59:59","2015/05/19 19:21:12","TP-LINK Technologies Co., Ltd.","TP-LINK Cloud Beta","ç§æå­ç§æè·¯, 30åº5æ , æ·±å³, å¹¿ä¸, 518000, CN","","AmazonSNS","Amazon Simple Notification Service","Amazon Web Services, Inc.","APN1-DeliveryAttempts-SMTP",,"4610343","First 1,000 Amazon SNS Email/Email-JSON Notifications per month are free","2015/05/01 00:00:00","2015/05/31 23:59:59","1.0","0.0","USD","0.000000","0.0","0.000000","None","0.000000"
"Estimated","102964196778","641466755530","LinkedLineItem","5600000000254333966","2015/05/01 00:00:00","2015/05/31 23:59:59","2015/05/19 19:21:12","TP-LINK Technologies Co., Ltd.","TP-LINK Cloud Beta","ç§æå­ç§æè·¯, 30åº5æ , æ·±å³, å¹¿ä¸, 518000, CN","","AWSDataTransfer","AWS Data Transfer","Amazon Web Services, Inc.","APN1-APS1-AWS-In-Bytes",,"3510979","$0.00 per GB - Asia Pacific (Tokyo) data transfer from Asia Pacific (Singapore)","2015/05/01 00:00:00","2015/05/31 23:59:59","0.0495554","0.0","USD","0.000000","0.0","0.000000","None","0.000000"
"Estimated","102964196778","641466755530","LinkedLineItem","5600000000254333967","2015/05/01 00:00:00","2015/05/31 23:59:59","2015/05/19 19:21:12","TP-LINK Technologies Co., Ltd.","TP-LINK Cloud Beta","ç§æå­ç§æè·¯, 30åº5æ , æ·±å³, å¹¿ä¸, 518000, CN","","AWSDataTransfer","AWS Data Transfer","Amazon Web Services, Inc.","APN1-APS2-AWS-In-Bytes",,"3510981","$0.00 per GB - Asia Pacific (Tokyo) data transfer from Asia Pacific (Sydney)","2015/05/01 00:00:00","2015/05/31 23:59:59","0.00094327","0.0","USD","0.000000","0.0","0.000000","None","0.000000"
"Estimated","102964196778","641466755530","LinkedLineItem","5600000000254333968","2015/05/01 00:00:00","2015/05/31 23:59:59","2015/05/19 19:21:12","TP-LINK Technologies Co., Ltd.","TP-LINK Cloud Beta","ç§æå­ç§æè·¯, 30åº5æ , æ·±å³, å¹¿ä¸, 518000, CN","","AWSDataTransfer","AWS Data Transfer","Amazon Web Services, Inc.","APN1-DataTransfer-In-Bytes",,"3510893","$0.000 per GB - data transfer in per month","2015/05/01 00:00:00","2015/05/31 23:59:59","18.7330111","0.0","USD","0.000000","0.0","0.000000","None","0.000000"
"Estimated","102964196778","641466755530","LinkedLineItem","5600000000254333969","2015/05/01 00:00:00","2015/05/31 23:59:59","2015/05/19 19:21:12","TP-LINK Technologies Co., Ltd.","TP-LINK Cloud Beta","ç§æå­ç§æè·¯, 30åº5æ , æ·±å³, å¹¿ä¸, 518000, CN","","AmazonEC2","Amazon Elastic Compute Cloud","Amazon Web Services, Inc.","APN1-DataProcessing-Bytes","LoadBalancing","4870387","$0.008 per GB Data Processed by the LoadBalancer ","2015/05/01 00:00:00","2015/05/31 23:59:59","22.02587402","0.0080000004","USD","0.176207","0.0","0.000000","None","0.176207"
"Estimated","102964196778","641466755530","LinkedLineItem","5600000000254333970","2015/05/01 00:00:00","2015/05/31 23:59:59","2015/05/19 19:21:12","TP-LINK Technologies Co., Ltd.","TP-LINK Cloud Beta","ç§æå­ç§æè·¯, 30åº5æ , æ·±å³, å¹¿ä¸, 518000, CN","","AWSDataTransfer","AWS Data Transfer","Amazon Web Services, Inc.","EU-USW2-AWS-In-Bytes",,"3510784","$0.00 per GB - EU (Ireland) data transfer from US West (Oregon)","2015/05/01 00:00:00","2015/05/31 23:59:59","0.00092637","0.0","USD","0.000000","0.0","0.000000","None","0.000000"
"Estimated","102964196778","641466755530","LinkedLineItem","5600000000254333971","2015/05/01 00:00:00","2015/05/31 23:59:59","2015/05/19 19:21:12","TP-LINK Technologies Co., Ltd.","TP-LINK Cloud Beta","ç§æå­ç§æè·¯, 30åº5æ , æ·±å³, å¹¿ä¸, 518000, CN","","AWSDataTransfer","AWS Data Transfer","Amazon Web Services, Inc.","APN1-APS1-AWS-Out-Bytes",,"3510980","$0.09 per GB - Asia Pacific (Tokyo) data transfer to Asia Pacific (Singapore)","2015/05/01 00:00:00","2015/05/31 23:59:59","0.02361017","0.0900035874","USD","0.002125","0.0","0.000000","None","0.002125"
"Estimated","102964196778","641466755530","LinkedLineItem","5600000000254333972","2015/05/01 00:00:00","2015/05/31 23:59:59","2015/05/19 19:21:12","TP-LINK Technologies Co., Ltd.","TP-LINK Cloud Beta","ç§æå­ç§æè·¯, 30åº5æ , æ·±å³, å¹¿ä¸, 518000, CN","","AWSDataTransfer","AWS Data Transfer","Amazon Web Services, Inc.","EU-USE1-AWS-In-Bytes",,"3510788","$0.00 per GB - EU (Ireland) data transfer from US East (Northern Virginia)","2015/05/01 00:00:00","2015/05/31 23:59:59","0.00254759","0.0","USD","0.000000","0.0","0.000000","None","0.000000"
"Estimated","102964196778","641466755530","LinkedLineItem","5600000000254333973","2015/05/01 00:00:00","2015/05/31 23:59:59","2015/05/19 19:21:12","TP-LINK Technologies Co., Ltd.","TP-LINK Cloud Beta","ç§æå­ç§æè·¯, 30åº5æ , æ·±å³, å¹¿ä¸, 518000, CN","","AmazonEC2","Amazon Elastic Compute Cloud","Amazon Web Services, Inc.","EU-EBS:VolumeUsage.gp2",,"4870176","$0.11 per GB-month of General Purpose (SSD) provisioned storage - EU (Ireland)","2015/05/01 00:00:00","2015/05/31 23:59:59","52.27956994","0.1100000059","USD","5.750753","0.0","0.000000","None","5.750753"
"Estimated","102964196778","641466755530","LinkedLineItem","5600000000254333974","2015/05/01 00:00:00","2015/05/31 23:59:59","2015/05/19 19:21:12","TP-LINK Technologies Co., Ltd.","TP-LINK Cloud Beta","ç§æå­ç§æè·¯, 30åº5æ , æ·±å³, å¹¿ä¸, 518000, CN","","AmazonEC2","Amazon Elastic Compute Cloud","Amazon Web Services, Inc.","EU-BoxUsage:t1.micro","RunInstances","4869706","$0.020 per On Demand Linux t1.micro Instance Hour","2015/05/01 00:00:00","2015/05/31 23:59:59","1792.0","0.02","USD","35.840000","0.0","0.000000","None","35.840000"
"Estimated","102964196778","641466755530","LinkedLineItem","5600000000250753156","2015/05/01 00:00:00","2015/05/31 23:59:59","2015/05/19 19:21:12","TP-LINK Technologies Co., Ltd.","TP-LINK Cloud Beta","ç§æå­ç§æè·¯, 30åº5æ , æ·±å³, å¹¿ä¸, 518000, CN","","AWSDataTransfer","AWS Data Transfer","Amazon Web Services, Inc.","APS2-USW1-AWS-Out-Bytes",,"3510803","$0.14 per GB - Asia Pacific (Sydney) data transfer to US West (Northern California)","2015/05/01 00:00:00","2015/05/31 23:59:59","1.1E-7","0.0","USD","0.000000","0.0","0.000000","None","0.000000"
"Estimated","102964196778","641466755530","LinkedLineItem","5600000000254333975","2015/05/01 00:00:00","2015/05/31 23:59:59","2015/05/19 19:21:12","TP-LINK Technologies Co., Ltd.","TP-LINK Cloud Beta","ç§æå­ç§æè·¯, 30åº5æ , æ·±å³, å¹¿ä¸, 518000, CN","","AWSDataTransfer","AWS Data Transfer","Amazon Web Services, Inc.","APN1-USE1-AWS-In-Bytes",,"3510969","$0.00 per GB - Asia Pacific (Tokyo) data transfer from US East (Northern Virginia)","2015/05/01 00:00:00","2015/05/31 23:59:59","0.06122092","0.0","USD","0.000000","0.0","0.000000","None","0.000000"
"Estimated","102964196778","641466755530","LinkedLineItem","5600000000254333976","2015/05/01 00:00:00","2015/05/31 23:59:59","2015/05/19 19:21:12","TP-LINK Technologies Co., Ltd.","TP-LINK Cloud Beta","ç§æå­ç§æè·¯, 30åº5æ , æ·±å³, å¹¿ä¸, 518000, CN","","AmazonEC2","Amazon Elastic Compute Cloud","Amazon Web Services, Inc.","APN1-BoxUsage","RunInstances","4869414","$0.061 per On Demand Linux m1.small Instance Hour","2015/05/01 00:00:00","2015/05/31 23:59:59","448.0","0.061","USD","27.328000","0.0","0.000000","None","27.328000"
"Estimated","102964196778","641466755530","LinkedLineItem","5600000000254333978","2015/05/01 00:00:00","2015/05/31 23:59:59","2015/05/19 19:21:12","TP-LINK Technologies Co., Ltd.","TP-LINK Cloud Beta","ç§æå­ç§æè·¯, 30åº5æ , æ·±å³, å¹¿ä¸, 518000, CN","","AmazonEC2","Amazon Elastic Compute Cloud","Amazon Web Services, Inc.","APS2-EBS:VolumeUsage.gp2",,"4870188","$0.12 per GB-month of General Purpose (SSD) provisioned storage  - Asia Pacific (Sydney)","2015/05/01 00:00:00","2015/05/31 23:59:59","4.80645243","0.1199999393","USD","0.576774","0.0","0.000000","None","0.576774"
"Estimated","102964196778","641466755530","LinkedLineItem","5600000000250838001","2015/05/01 00:00:00","2015/05/31 23:59:59","2015/05/19 19:21:12","TP-LINK Technologies Co., Ltd.","TP-LINK Cloud Beta","ç§æå­ç§æè·¯, 30åº5æ , æ·±å³, å¹¿ä¸, 518000, CN","","AWSDataTransfer","AWS Data Transfer","Amazon Web Services, Inc.","APN1-DataTransfer-Out-Bytes",,"3510895","$0.140 per GB - up to 10 TB / month data transfer out","2015/05/01 00:00:00","2015/05/31 23:59:59","15.30084348","0.1314749087","USD","2.011677","0.0","0.000000","None","2.011677"
"Estimated","102964196778","641466755530","LinkedLineItem","5600000000254333979","2015/05/01 00:00:00","2015/05/31 23:59:59","2015/05/19 19:21:12","TP-LINK Technologies Co., Ltd.","TP-LINK Cloud Beta","ç§æå­ç§æè·¯, 30åº5æ , æ·±å³, å¹¿ä¸, 518000, CN","","AmazonEC2","Amazon Elastic Compute Cloud","Amazon Web Services, Inc.","APN1-BoxUsage:m3.medium","RunInstances","4869442","$0.101 per On Demand Linux m3.medium Instance Hour","2015/05/01 00:00:00","2015/05/31 23:59:59","1792.0","0.101","USD","180.992000","0.0","0.000000","None","180.992000"
"Estimated","102964196778","641466755530","LinkedLineItem","5600000000254333980","2015/05/01 00:00:00","2015/05/31 23:59:59","2015/05/19 19:21:12","TP-LINK Technologies Co., Ltd.","TP-LINK Cloud Beta","ç§æå­ç§æè·¯, 30åº5æ , æ·±å³, å¹¿ä¸, 518000, CN","","AWSDataTransfer","AWS Data Transfer","Amazon Web Services, Inc.","EU-UGW1-AWS-Out-Bytes",,"3510781","$0.02 per GB - EU (Ireland) data transfer to AWS GovCloud (US)","2015/05/01 00:00:00","2015/05/31 23:59:59","0.00040979","0.0195221943","USD","0.000008","0.0","0.000000","None","0.000008"
"Estimated","102964196778","641466755530","LinkedLineItem","5600000000254333981","2015/05/01 00:00:00","2015/05/31 23:59:59","2015/05/19 19:21:12","TP-LINK Technologies Co., Ltd.","TP-LINK Cloud Beta","ç§æå­ç§æè·¯, 30åº5æ , æ·±å³, å¹¿ä¸, 518000, CN","","AmazonEC2","Amazon Elastic Compute Cloud","Amazon Web Services, Inc.","APS2-BoxUsage:t2.micro","RunInstances","4868582","$0.020 per On Demand Linux t2.micro Instance Hour","2015/05/01 00:00:00","2015/05/31 23:59:59","448.0","0.02","USD","8.960000","0.0","0.000000","None","8.960000"
"Estimated","102964196778","641466755530","LinkedLineItem","5600000000254333982","2015/05/01 00:00:00","2015/05/31 23:59:59","2015/05/19 19:21:12","TP-LINK Technologies Co., Ltd.","TP-LINK Cloud Beta","ç§æå­ç§æè·¯, 30åº5æ , æ·±å³, å¹¿ä¸, 518000, CN","","AWSDataTransfer","AWS Data Transfer","Amazon Web Services, Inc.","APS2-USE1-AWS-In-Bytes",,"3510806","$0.00 per GB - Asia Pacific (Sydney) data transfer from US East (Northern Virginia)","2015/05/01 00:00:00","2015/05/31 23:59:59","0.00000724","0.0","USD","0.000000","0.0","0.000000","None","0.000000"
"Estimated","102964196778","641466755530","LinkedLineItem","5600000000250838002","2015/05/01 00:00:00","2015/05/31 23:59:59","2015/05/19 19:21:12","TP-LINK Technologies Co., Ltd.","TP-LINK Cloud Beta","ç§æå­ç§æè·¯, 30åº5æ , æ·±å³, å¹¿ä¸, 518000, CN","","AWSDataTransfer","AWS Data Transfer","Amazon Web Services, Inc.","APN1-CloudFront-In-Bytes",,"3510746","$0.00 per GB data transfer in to Asia Pacific (Tokyo) from CloudFront","2015/05/01 00:00:00","2015/05/31 23:59:59","0.06247519","0.0","USD","0.000000","0.0","0.000000","None","0.000000"
"Estimated","102964196778","641466755530","LinkedLineItem","5600000000254333983","2015/05/01 00:00:00","2015/05/31 23:59:59","2015/05/19 19:21:12","TP-LINK Technologies Co., Ltd.","TP-LINK Cloud Beta","ç§æå­ç§æè·¯, 30åº5æ , æ·±å³, å¹¿ä¸, 518000, CN","","AWSDataTransfer","AWS Data Transfer","Amazon Web Services, Inc.","APN1-SAE1-AWS-Out-Bytes",,"3510978","$0.09 per GB - Asia Pacific (Tokyo) data transfer to South America (Sao Paulo)","2015/05/01 00:00:00","2015/05/31 23:59:59","0.00041531","0.0890900773","USD","0.000037","0.0","0.000000","None","0.000037"
"Estimated","102964196778","641466755530","LinkedLineItem","5600000000254333984","2015/05/01 00:00:00","2015/05/31 23:59:59","2015/05/19 19:21:12","TP-LINK Technologies Co., Ltd.","TP-LINK Cloud Beta","ç§æå­ç§æè·¯, 30åº5æ , æ·±å³, å¹¿ä¸, 518000, CN","","AmazonEC2","Amazon Elastic Compute Cloud","Amazon Web Services, Inc.","EU-BoxUsage:t2.micro","RunInstances","4869724","$0.014 per On Demand Linux t2.micro Instance Hour","2015/05/01 00:00:00","2015/05/31 23:59:59","3136.0","0.014","USD","43.904000","0.0","0.000000","None","43.904000"
"Estimated","102964196778","641466755530","LinkedLineItem","5600000000254333985","2015/05/01 00:00:00","2015/05/31 23:59:59","2015/05/19 19:21:12","TP-LINK Technologies Co., Ltd.","TP-LINK Cloud Beta","ç§æå­ç§æè·¯, 30åº5æ , æ·±å³, å¹¿ä¸, 518000, CN","","AWSDataTransfer","AWS Data Transfer","Amazon Web Services, Inc.","EU-DataTransfer-Regional-Bytes",,"3510868","$0.010 per GB - regional data transfer - in/out/between EC2 AZs or using IPs or ELB","2015/05/01 00:00:00","2015/05/31 23:59:59","4.19725451","0.0100001084","USD","0.041973","0.0","0.000000","None","0.041973"
"Estimated","102964196778","641466755530","LinkedLineItem","5600000000253540882","2015/05/01 00:00:00","2015/05/31 23:59:59","2015/05/19 19:21:12","TP-LINK Technologies Co., Ltd.","TP-LINK Cloud Beta","ç§æå­ç§æè·¯, 30åº5æ , æ·±å³, å¹¿ä¸, 518000, CN","","AWSDataTransfer","AWS Data Transfer","Amazon Web Services, Inc.","APS2-USW2-AWS-In-Bytes",,"3510802","$0.00 per GB - Asia Pacific (Sydney) data transfer from US West (Oregon)","2015/05/01 00:00:00","2015/05/31 23:59:59","2.2E-7","0.0","USD","0.000000","0.0","0.000000","None","0.000000"
"Estimated","102964196778","641466755530","LinkedLineItem","5600000000254333986","2015/05/01 00:00:00","2015/05/31 23:59:59","2015/05/19 19:21:12","TP-LINK Technologies Co., Ltd.","TP-LINK Cloud Beta","ç§æå­ç§æè·¯, 30åº5æ , æ·±å³, å¹¿ä¸, 518000, CN","","AWSDataTransfer","AWS Data Transfer","Amazon Web Services, Inc.","APS2-DataTransfer-In-Bytes",,"3510843","$0.000 per GB - data transfer in per month","2015/05/01 00:00:00","2015/05/31 23:59:59","0.06506821","0.0","USD","0.000000","0.0","0.000000","None","0.000000"
"Estimated","102964196778","641466755530","LinkedLineItem","5600000000254333987","2015/05/01 00:00:00","2015/05/31 23:59:59","2015/05/19 19:21:12","TP-LINK Technologies Co., Ltd.","TP-LINK Cloud Beta","ç§æå­ç§æè·¯, 30åº5æ , æ·±å³, å¹¿ä¸, 518000, CN","","AWSDataTransfer","AWS Data Transfer","Amazon Web Services, Inc.","APN1-USW2-AWS-Out-Bytes",,"3510974","$0.09 per GB - Asia Pacific (Tokyo) data transfer to US West (Oregon)","2015/05/01 00:00:00","2015/05/31 23:59:59","0.00095358","0.0901864553","USD","0.000086","0.0","0.000000","None","0.000086"
"Estimated","102964196778","641466755530","LinkedLineItem","5600000000254333988","2015/05/01 00:00:00","2015/05/31 23:59:59","2015/05/19 19:21:12","TP-LINK Technologies Co., Ltd.","TP-LINK Cloud Beta","ç§æå­ç§æè·¯, 30åº5æ , æ·±å³, å¹¿ä¸, 518000, CN","","AmazonEC2","Amazon Elastic Compute Cloud","Amazon Web Services, Inc.","APN1-BoxUsage:c3.large","RunInstances","4869351","$0.128 per On Demand Linux c3.large Instance Hour","2015/05/01 00:00:00","2015/05/31 23:59:59","896.0","0.128","USD","114.688000","0.0","0.000000","None","114.688000"
"Estimated","102964196778","641466755530","LinkedLineItem","5600000000254333989","2015/05/01 00:00:00","2015/05/31 23:59:59","2015/05/19 19:21:12","TP-LINK Technologies Co., Ltd.","TP-LINK Cloud Beta","ç§æå­ç§æè·¯, 30åº5æ , æ·±å³, å¹¿ä¸, 518000, CN","","AWSDataTransfer","AWS Data Transfer","Amazon Web Services, Inc.","EU-APS2-AWS-In-Bytes",,"3510774","$0.00 per GB - EU (Ireland) data transfer from Asia Pacific (Sydney)","2015/05/01 00:00:00","2015/05/31 23:59:59","0.00091968","0.0","USD","0.000000","0.0","0.000000","None","0.000000"
"Estimated","102964196778","641466755530","LinkedLineItem","5600000000254333990","2015/05/01 00:00:00","2015/05/31 23:59:59","2015/05/19 19:21:12","TP-LINK Technologies Co., Ltd.","TP-LINK Cloud Beta","ç§æå­ç§æè·¯, 30åº5æ , æ·±å³, å¹¿ä¸, 518000, CN","","AWSDataTransfer","AWS Data Transfer","Amazon Web Services, Inc.","APN1-EU-AWS-Out-Bytes",,"3510984","$0.09 per GB - Asia Pacific (Tokyo) data transfer to EU (Ireland)","2015/05/01 00:00:00","2015/05/31 23:59:59","0.00135953","0.0897368944","USD","0.000122","0.0","0.000000","None","0.000122"
"Estimated","102964196778","641466755530","LinkedLineItem","5600000000254333991","2015/05/01 00:00:00","2015/05/31 23:59:59","2015/05/19 19:21:12","TP-LINK Technologies Co., Ltd.","TP-LINK Cloud Beta","ç§æå­ç§æè·¯, 30åº5æ , æ·±å³, å¹¿ä¸, 518000, CN","","AWSDataTransfer","AWS Data Transfer","Amazon Web Services, Inc.","EU-USW1-AWS-Out-Bytes",,"3510785","$0.02 per GB - EU (Ireland) data transfer to US West (Northern California)","2015/05/01 00:00:00","2015/05/31 23:59:59","0.00051902","0.0192670803","USD","0.000010","0.0","0.000000","None","0.000010"
"Estimated","102964196778","641466755530","LinkedLineItem","5600000000251859430","2015/05/01 00:00:00","2015/05/31 23:59:59","2015/05/19 19:21:12","TP-LINK Technologies Co., Ltd.","TP-LINK Cloud Beta","ç§æå­ç§æè·¯, 30åº5æ , æ·±å³, å¹¿ä¸, 518000, CN","","AmazonSNS","Amazon Simple Notification Service","Amazon Web Services, Inc.","APN1-Requests-Tier1",,"4610337","First 1,000,000 Amazon SNS API Requests per month are free","2015/05/01 00:00:00","2015/05/31 23:59:59","2.0","0.0","USD","0.000000","0.0","0.000000","None","0.000000"
"Estimated","102964196778","641466755530","LinkedLineItem","5600000000254333993","2015/05/01 00:00:00","2015/05/31 23:59:59","2015/05/19 19:21:12","TP-LINK Technologies Co., Ltd.","TP-LINK Cloud Beta","ç§æå­ç§æè·¯, 30åº5æ , æ·±å³, å¹¿ä¸, 518000, CN","","AWSDataTransfer","AWS Data Transfer","Amazon Web Services, Inc.","EU-APN1-AWS-In-Bytes",,"3510778","$0.00 per GB - EU (Ireland) data transfer from Asia Pacific (Tokyo)","2015/05/01 00:00:00","2015/05/31 23:59:59","0.02050159","0.0","USD","0.000000","0.0","0.000000","None","0.000000"
"Estimated","102964196778","641466755530","LinkedLineItem","5600000000254333994","2015/05/01 00:00:00","2015/05/31 23:59:59","2015/05/19 19:21:12","TP-LINK Technologies Co., Ltd.","TP-LINK Cloud Beta","ç§æå­ç§æè·¯, 30åº5æ , æ·±å³, å¹¿ä¸, 518000, CN","","AWSDataTransfer","AWS Data Transfer","Amazon Web Services, Inc.","EU-APS2-AWS-Out-Bytes",,"3510773","$0.02 per GB - EU (Ireland) data transfer to Asia Pacific (Sydney)","2015/05/01 00:00:00","2015/05/31 23:59:59","0.00039788","0.0201065648","USD","0.000008","0.0","0.000000","None","0.000008"
"Estimated","102964196778","641466755530","LinkedLineItem","5600000000254333995","2015/05/01 00:00:00","2015/05/31 23:59:59","2015/05/19 19:21:12","TP-LINK Technologies Co., Ltd.","TP-LINK Cloud Beta","ç§æå­ç§æè·¯, 30åº5æ , æ·±å³, å¹¿ä¸, 518000, CN","","AWSDataTransfer","AWS Data Transfer","Amazon Web Services, Inc.","EU-SAE1-AWS-In-Bytes",,"3510780","$0.00 per GB - EU (Ireland) data transfer from South America (Sao Paulo)","2015/05/01 00:00:00","2015/05/31 23:59:59","0.00091696","0.0","USD","0.000000","0.0","0.000000","None","0.000000"
"Estimated","102964196778","102964196778","LinkedLineItem","5600000000251686728","2015/05/01 00:00:00","2015/05/31 23:59:59","2015/05/19 19:21:12","TP-LINK Technologies Co., Ltd.","TP-LINK Technologies Co., Ltd.","No.5 Keyuan Road  South Building , Shenzhen, GD, 518057, CN","","AWSDataTransfer","AWS Data Transfer","Amazon Web Services, Inc.","EU-UGW1-AWS-Out-Bytes",,"3510781","$0.02 per GB - EU (Ireland) data transfer to AWS GovCloud (US)","2015/05/01 00:00:00","2015/05/31 23:59:59","0.00023915","0.0209073803","USD","0.000005","0.0","0.000000","None","0.000005"
"Estimated","102964196778","102964196778","LinkedLineItem","5600000000251686729","2015/05/01 00:00:00","2015/05/31 23:59:59","2015/05/19 19:21:12","TP-LINK Technologies Co., Ltd.","TP-LINK Technologies Co., Ltd.","No.5 Keyuan Road  South Building , Shenzhen, GD, 518057, CN","","AWSDataTransfer","AWS Data Transfer","Amazon Web Services, Inc.","APS1-EU-AWS-Out-Bytes",,"3510809","$0.09 per GB - Asia Pacific (Singapore) data transfer to EU (Ireland)","2015/05/01 00:00:00","2015/05/31 23:59:59","0.28645044","0.0900016073","USD","0.025781","0.0","0.000000","None","0.025781"
"Estimated","102964196778","102964196778","LinkedLineItem","5600000000254438188","2015/05/01 00:00:00","2015/05/31 23:59:59","2015/05/19 19:21:12","TP-LINK Technologies Co., Ltd.","TP-LINK Technologies Co., Ltd.","No.5 Keyuan Road  South Building , Shenzhen, GD, 518057, CN","","AWSDataTransfer","AWS Data Transfer","Amazon Web Services, Inc.","APN1-DataTransfer-Out-Bytes",,"3510895","$0.140 per GB - up to 10 TB / month data transfer out","2015/05/01 00:00:00","2015/05/31 23:59:59","1.12132452","0.131474874","USD","0.147426","0.0","0.000000","None","0.147426"
"Estimated","102964196778","102964196778","LinkedLineItem","5600000000251908582","2015/05/01 00:00:00","2015/05/31 23:59:59","2015/05/19 19:21:12","TP-LINK Technologies Co., Ltd.","TP-LINK Technologies Co., Ltd.","No.5 Keyuan Road  South Building , Shenzhen, GD, 518057, CN","","AWSDataTransfer","AWS Data Transfer","Amazon Web Services, Inc.","APS2-USE1-AWS-Out-Bytes",,"3510805","$0.14 per GB - Asia Pacific (Sydney) data transfer to US East (Northern Virginia)","2015/05/01 00:00:00","2015/05/31 23:59:59","4.5E-7","0.0","USD","0.000000","0.0","0.000000","None","0.000000"
"Estimated","102964196778","102964196778","LinkedLineItem","5600000000253369495","2015/05/01 00:00:00","2015/05/31 23:59:59","2015/05/19 19:21:12","TP-LINK Technologies Co., Ltd.","TP-LINK Technologies Co., Ltd.","No.5 Keyuan Road  South Building , Shenzhen, GD, 518057, CN","","AmazonRoute53","Amazon Route 53","Amazon Web Services, Inc.","LBR-Queries",,"3035139","$0.60 per 1,000,000 LBR queries for the first 1 Billion LBR queries","2015/05/01 00:00:00","2015/05/31 23:59:59","24.0","5.833E-7","USD","0.000014","0.0","0.000000","None","0.000014"
"Estimated","102964196778","102964196778","LinkedLineItem","5600000000251686730","2015/05/01 00:00:00","2015/05/31 23:59:59","2015/05/19 19:21:12","TP-LINK Technologies Co., Ltd.","TP-LINK Technologies Co., Ltd.","No.5 Keyuan Road  South Building , Shenzhen, GD, 518057, CN","","AmazonEC2","Amazon Elastic Compute Cloud","Amazon Web Services, Inc.","LoadBalancerUsage","LoadBalancing","4870381","$0.025 per LoadBalancer-hour (or partial hour)","2015/05/01 00:00:00","2015/05/31 23:59:59","2610.0","0.025","USD","65.250000","0.0","0.000000","None","65.250000"
"Estimated","102964196778","102964196778","LinkedLineItem","5600000000254355606","2015/05/01 00:00:00","2015/05/31 23:59:59","2015/05/19 19:21:12","TP-LINK Technologies Co., Ltd.","TP-LINK Technologies Co., Ltd.","No.5 Keyuan Road  South Building , Shenzhen, GD, 518057, CN","","AmazonS3","Amazon Simple Storage Service","Amazon Web Services, Inc.","TimedStorage-ByteHrs",,"3309731","$0.0300 per GB - first 1 TB / month of storage used","2015/05/01 00:00:00","2015/05/31 23:59:59","0.28128824","0.0300012542","USD","0.008439","0.0","0.000000","None","0.008439"
"Estimated","102964196778","102964196778","LinkedLineItem","5600000000251686732","2015/05/01 00:00:00","2015/05/31 23:59:59","2015/05/19 19:21:12","TP-LINK Technologies Co., Ltd.","TP-LINK Technologies Co., Ltd.","No.5 Keyuan Road  South Building , Shenzhen, GD, 518057, CN","","AmazonCloudFront","Amazon CloudFront","Amazon Web Services, Inc.","US-Requests-Tier1","GET","3506643","$0.0075 per 10,000 HTTP Requests","2015/05/01 00:00:00","2015/05/31 23:59:59","23.0","7.391E-7","USD","0.000017","0.0","0.000000","None","0.000017"
"Estimated","102964196778","102964196778","LinkedLineItem","5600000000251686733","2015/05/01 00:00:00","2015/05/31 23:59:59","2015/05/19 19:21:12","TP-LINK Technologies Co., Ltd.","TP-LINK Technologies Co., Ltd.","No.5 Keyuan Road  South Building , Shenzhen, GD, 518057, CN","","AWSConfig","AWS Config","Amazon Web Services, Inc.","ConfigurationItemRecorded",,"4485727","$0.003 per Configuration Item recorded in US East (N.Virginia) region","2015/05/01 00:00:00","2015/05/31 23:59:59","130.0","0.003","USD","0.390000","0.0","0.000000","None","0.390000"
"Estimated","102964196778","102964196778","LinkedLineItem","5600000000251686735","2015/05/01 00:00:00","2015/05/31 23:59:59","2015/05/19 19:21:12","TP-LINK Technologies Co., Ltd.","TP-LINK Technologies Co., Ltd.","No.5 Keyuan Road  South Building , Shenzhen, GD, 518057, CN","","AWSDataTransfer","AWS Data Transfer","Amazon Web Services, Inc.","APN1-USW2-AWS-Out-Bytes",,"3510974","$0.09 per GB - Asia Pacific (Tokyo) data transfer to US West (Oregon)","2015/05/01 00:00:00","2015/05/31 23:59:59","0.00020396","0.0882525985","USD","0.000018","0.0","0.000000","None","0.000018"
"Estimated","102964196778","102964196778","LinkedLineItem","5600000000251686736","2015/05/01 00:00:00","2015/05/31 23:59:59","2015/05/19 19:21:12","TP-LINK Technologies Co., Ltd.","TP-LINK Technologies Co., Ltd.","No.5 Keyuan Road  South Building , Shenzhen, GD, 518057, CN","","AmazonCloudFront","Amazon CloudFront","Amazon Web Services, Inc.","US-Requests-Tier2-HTTPS",,"3506644","$0.0100 per 10,000 HTTPS Requests","2015/05/01 00:00:00","2015/05/31 23:59:59","10953.0","0.0000010","USD","0.010953","0.0","0.000000","None","0.010953"
"Estimated","102964196778","102964196778","LinkedLineItem","5600000000250904320","2015/05/01 00:00:00","2015/05/31 23:59:59","2015/05/19 19:21:12","TP-LINK Technologies Co., Ltd.","TP-LINK Technologies Co., Ltd.","No.5 Keyuan Road  South Building , Shenzhen, GD, 518057, CN","","AmazonEC2","Amazon Elastic Compute Cloud","Amazon Web Services, Inc.","APS2-CW:Requests",,"4870369","$0.01 per 1,000 requests","2015/05/01 00:00:00","2015/05/31 23:59:59","364.0","0.000010","USD","0.003640","0.0","0.000000","None","0.003640"
"Estimated","102964196778","102964196778","LinkedLineItem","5600000000252549556","2015/05/01 00:00:00","2015/05/31 23:59:59","2015/05/19 19:21:12","TP-LINK Technologies Co., Ltd.","TP-LINK Technologies Co., Ltd.","No.5 Keyuan Road  South Building , Shenzhen, GD, 518057, CN","","AmazonEC2","Amazon Elastic Compute Cloud","Amazon Web Services, Inc.","APN1-EBS:SnapshotUsage",,"4870205","$0.095 per GB-Month of snapshot data stored - Asia Pacific (Tokyo)","2015/05/01 00:00:00","2015/05/31 23:59:59","29.11983156","0.0950000001","USD","2.766384","0.0","0.000000","None","2.766384"
"Estimated","102964196778","102964196778","LinkedLineItem","5600000000251686737","2015/05/01 00:00:00","2015/05/31 23:59:59","2015/05/19 19:21:12","TP-LINK Technologies Co., Ltd.","TP-LINK Technologies Co., Ltd.","No.5 Keyuan Road  South Building , Shenzhen, GD, 518057, CN","","AWSDataTransfer","AWS Data Transfer","Amazon Web Services, Inc.","USE1-EU-AWS-Out-Bytes",,"3510821","$0.02 per GB - US East (Northern Virginia) data transfer to EU (Ireland)","2015/05/01 00:00:00","2015/05/31 23:59:59","0.00843119","0.02004462","USD","0.000169","0.0","0.000000","None","0.000169"
"Estimated","102964196778","102964196778","LinkedLineItem","5600000000251686739","2015/05/01 00:00:00","2015/05/31 23:59:59","2015/05/19 19:21:12","TP-LINK Technologies Co., Ltd.","TP-LINK Technologies Co., Ltd.","No.5 Keyuan Road  South Building , Shenzhen, GD, 518057, CN","","AmazonDynamoDB","Amazon DynamoDB","Amazon Web Services, Inc.","APS1-ReadCapacityUnit-Hrs","CommittedThroughput","3717232","$0.00 per hour for 25 units of read capacity for a month (free tier)","2015/05/01 00:00:00","2015/05/31 23:59:59","116928.0","0.0001264398","USD","14.784356","0.0","0.000000","None","14.784356"
"Estimated","102964196778","102964196778","LinkedLineItem","5600000000253610432","2015/05/01 00:00:00","2015/05/31 23:59:59","2015/05/19 19:21:12","TP-LINK Technologies Co., Ltd.","TP-LINK Technologies Co., Ltd.","No.5 Keyuan Road  South Building , Shenzhen, GD, 518057, CN","","AmazonEC2","Amazon Elastic Compute Cloud","Amazon Web Services, Inc.","APS1-CW:Requests",,"4870368","$0.01 per 1,000 requests","2015/05/01 00:00:00","2015/05/31 23:59:59","829504.0","0.000010","USD","8.295040","0.0","0.000000","None","8.295040"
"Estimated","102964196778","102964196778","LinkedLineItem","5600000000251686741","2015/05/01 00:00:00","2015/05/31 23:59:59","2015/05/19 19:21:12","TP-LINK Technologies Co., Ltd.","TP-LINK Technologies Co., Ltd.","No.5 Keyuan Road  South Building , Shenzhen, GD, 518057, CN","","AWSDataTransfer","AWS Data Transfer","Amazon Web Services, Inc.","USE1-APN1-AWS-In-Bytes",,"3510828","$0.00 per GB - US East (Northern Virginia) data transfer from Asia Pacific (Tokyo)","2015/05/01 00:00:00","2015/05/31 23:59:59","0.00146712","0.0","USD","0.000000","0.0","0.000000","None","0.000000"
"Estimated","102964196778","102964196778","LinkedLineItem","5600000000251686742","2015/05/01 00:00:00","2015/05/31 23:59:59","2015/05/19 19:21:12","TP-LINK Technologies Co., Ltd.","TP-LINK Technologies Co., Ltd.","No.5 Keyuan Road  South Building , Shenzhen, GD, 518057, CN","","AmazonEC2","Amazon Elastic Compute Cloud","Amazon Web Services, Inc.","APN1-CW:AlarmMonitorUsage",,"4870345","$0.00 per alarm-month - first 10 alarms","2015/05/01 00:00:00","2015/05/31 23:59:59","1.20430016","0.0","USD","0.000000","0.0","0.000000","None","0.000000"
"Estimated","102964196778","102964196778","LinkedLineItem","5600000000251686743","2015/05/01 00:00:00","2015/05/31 23:59:59","2015/05/19 19:21:12","TP-LINK Technologies Co., Ltd.","TP-LINK Technologies Co., Ltd.","No.5 Keyuan Road  South Building , Shenzhen, GD, 518057, CN","","AWSDataTransfer","AWS Data Transfer","Amazon Web Services, Inc.","APS1-APS2-AWS-In-Bytes",,"3510999","$0.00 per GB - Asia Pacific (Singapore) data transfer from Asia Pacific (Sydney)","2015/05/01 00:00:00","2015/05/31 23:59:59","0.00192583","0.0","USD","0.000000","0.0","0.000000","None","0.000000"
"Estimated","102964196778","102964196778","LinkedLineItem","5600000000251686744","2015/05/01 00:00:00","2015/05/31 23:59:59","2015/05/19 19:21:12","TP-LINK Technologies Co., Ltd.","TP-LINK Technologies Co., Ltd.","No.5 Keyuan Road  South Building , Shenzhen, GD, 518057, CN","","AWSDataTransfer","AWS Data Transfer","Amazon Web Services, Inc.","USE1-APS1-AWS-Out-Bytes",,"3510825","$0.02 per GB - US East (Northern Virginia) data transfer to Asia Pacific (Singapore)","2015/05/01 00:00:00","2015/05/31 23:59:59","0.02719712","0.0200021179","USD","0.000544","0.0","0.000000","None","0.000544"
"Estimated","102964196778","102964196778","LinkedLineItem","5600000000251686745","2015/05/01 00:00:00","2015/05/31 23:59:59","2015/05/19 19:21:12","TP-LINK Technologies Co., Ltd.","TP-LINK Technologies Co., Ltd.","No.5 Keyuan Road  South Building , Shenzhen, GD, 518057, CN","","AWSDataTransfer","AWS Data Transfer","Amazon Web Services, Inc.","EU-APS1-AWS-Out-Bytes",,"3510775","$0.02 per GB - EU (Ireland) data transfer to Asia Pacific (Singapore)","2015/05/01 00:00:00","2015/05/31 23:59:59","0.01178762","0.0200210051","USD","0.000236","0.0","0.000000","None","0.000236"
"Estimated","102964196778","102964196778","LinkedLineItem","5600000000251686746","2015/05/01 00:00:00","2015/05/31 23:59:59","2015/05/19 19:21:12","TP-LINK Technologies Co., Ltd.","TP-LINK Technologies Co., Ltd.","No.5 Keyuan Road  South Building , Shenzhen, GD, 518057, CN","","AmazonCloudFront","Amazon CloudFront","Amazon Web Services, Inc.","AP-Requests-Tier2-HTTPS",,"3506650","$0.012 per 10,000 HTTPS Requests","2015/05/01 00:00:00","2015/05/31 23:59:59","184309.0","0.0000012","USD","0.221171","0.0","0.000000","None","0.221171"
"Estimated","102964196778","102964196778","LinkedLineItem","5600000000251686747","2015/05/01 00:00:00","2015/05/31 23:59:59","2015/05/19 19:21:12","TP-LINK Technologies Co., Ltd.","TP-LINK Technologies Co., Ltd.","No.5 Keyuan Road  South Building , Shenzhen, GD, 518057, CN","","AmazonEC2","Amazon Elastic Compute Cloud","Amazon Web Services, Inc.","BoxUsage:t2.micro","RunInstances","4870861","$0.013 per On Demand Linux t2.micro Instance Hour","2015/05/01 00:00:00","2015/05/31 23:59:59","1344.0","0.013","USD","17.472000","0.0","0.000000","None","17.472000"
"Estimated","102964196778","102964196778","LinkedLineItem","5600000000251686748","2015/05/01 00:00:00","2015/05/31 23:59:59","2015/05/19 19:21:12","TP-LINK Technologies Co., Ltd.","TP-LINK Technologies Co., Ltd.","No.5 Keyuan Road  South Building , Shenzhen, GD, 518057, CN","","AmazonEC2","Amazon Elastic Compute Cloud","Amazon Web Services, Inc.","EU-DataProcessing-Bytes","LoadBalancing","4870391","$0.008 per GB Data Processed by the LoadBalancer","2015/05/01 00:00:00","2015/05/31 23:59:59","639.66805757","0.0079999993","USD","5.117344","0.0","0.000000","None","5.117344"
"Estimated","102964196778","102964196778","LinkedLineItem","5600000000251686749","2015/05/01 00:00:00","2015/05/31 23:59:59","2015/05/19 19:21:12","TP-LINK Technologies Co., Ltd.","TP-LINK Technologies Co., Ltd.","No.5 Keyuan Road  South Building , Shenzhen, GD, 518057, CN","","AWSDataTransfer","AWS Data Transfer","Amazon Web Services, Inc.","APS1-USW1-AWS-Out-Bytes",,"3510990","$0.09 per GB - Asia Pacific (Singapore) data transfer to US West (Northern California)","2015/05/01 00:00:00","2015/05/31 23:59:59","0.00124575","0.0899056793","USD","0.000112","0.0","0.000000","None","0.000112"
"Estimated","102964196778","102964196778","LinkedLineItem","5600000000251686750","2015/05/01 00:00:00","2015/05/31 23:59:59","2015/05/19 19:21:12","TP-LINK Technologies Co., Ltd.","TP-LINK Technologies Co., Ltd.","No.5 Keyuan Road  South Building , Shenzhen, GD, 518057, CN","","AWSDataTransfer","AWS Data Transfer","Amazon Web Services, Inc.","EU-USW1-AWS-In-Bytes",,"3510786","$0.00 per GB - EU (Ireland) data transfer from US West (Northern California)","2015/05/01 00:00:00","2015/05/31 23:59:59","0.00082178","0.0","USD","0.000000","0.0","0.000000","None","0.000000"
"Estimated","102964196778","102964196778","LinkedLineItem","5600000000254355607","2015/05/01 00:00:00","2015/05/31 23:59:59","2015/05/19 19:21:12","TP-LINK Technologies Co., Ltd.","TP-LINK Technologies Co., Ltd.","No.5 Keyuan Road  South Building , Shenzhen, GD, 518057, CN","","AmazonEC2","Amazon Elastic Compute Cloud","Amazon Web Services, Inc.","EBS:VolumeUsage.gp2",,"4870182","$0.10 per GB-month of General Purpose (SSD) provisioned storage - US East (Northern Virginia)","2015/05/01 00:00:00","2015/05/31 23:59:59","56.64516212","0.0999999963","USD","5.664516","0.0","0.000000","None","5.664516"
"Estimated","102964196778","102964196778","LinkedLineItem","5600000000251686751","2015/05/01 00:00:00","2015/05/31 23:59:59","2015/05/19 19:21:12","TP-LINK Technologies Co., Ltd.","TP-LINK Technologies Co., Ltd.","No.5 Keyuan Road  South Building , Shenzhen, GD, 518057, CN","","AmazonEC2","Amazon Elastic Compute Cloud","Amazon Web Services, Inc.","EU-CW:Requests",,"4870364","$0.00 per request - first 1,000,000 requests","2015/05/01 00:00:00","2015/05/31 23:59:59","829036.0","0.0000072419","USD","6.003828","0.0","0.000000","None","6.003828"
"Estimated","102964196778","102964196778","LinkedLineItem","5600000000254507780","2015/05/01 00:00:00","2015/05/31 23:59:59","2015/05/19 19:21:12","TP-LINK Technologies Co., Ltd.","TP-LINK Technologies Co., Ltd.","No.5 Keyuan Road  South Building , Shenzhen, GD, 518057, CN","","AWSQueueService","Amazon Simple Queue Service","Amazon Web Services, Inc.","APS1-Requests-Tier1",,"3304354","First 1,000,000 Amazon SQS Requests per month are free","2015/05/01 00:00:00","2015/05/31 23:59:59","8.0","0.0","USD","0.000000","0.0","0.000000","None","0.000000"
"Estimated","102964196778","102964196778","LinkedLineItem","5600000000252549557","2015/05/01 00:00:00","2015/05/31 23:59:59","2015/05/19 19:21:12","TP-LINK Technologies Co., Ltd.","TP-LINK Technologies Co., Ltd.","No.5 Keyuan Road  South Building , Shenzhen, GD, 518057, CN","","AmazonEC2","Amazon Elastic Compute Cloud","Amazon Web Services, Inc.","EUC1-EBS:SnapshotUsage",,"4870175","$0.103 per GB-Month of snapshot data stored - EU (Frankfurt)","2015/05/01 00:00:00","2015/05/31 23:59:59","3.87414252","0.1030000827","USD","0.399037","0.0","0.000000","None","0.399037"
"Estimated","102964196778","102964196778","LinkedLineItem","5600000000253431204","2015/05/01 00:00:00","2015/05/31 23:59:59","2015/05/19 19:21:12","TP-LINK Technologies Co., Ltd.","TP-LINK Technologies Co., Ltd.","No.5 Keyuan Road  South Building , Shenzhen, GD, 518057, CN","","AmazonDynamoDB","Amazon DynamoDB","Amazon Web Services, Inc.","APS1-WriteCapacityUnit-Hrs","CommittedThroughput","3717210","$0.00074 per hour for units of write capacity beyond the free tier","2015/05/01 00:00:00","2015/05/31 23:59:59","116928.0","0.000632572","USD","73.965379","0.0","0.000000","None","73.965379"
"Estimated","102964196778","102964196778","LinkedLineItem","5600000000253481129","2015/05/01 00:00:00","2015/05/31 23:59:59","2015/05/19 19:21:12","TP-LINK Technologies Co., Ltd.","TP-LINK Technologies Co., Ltd.","No.5 Keyuan Road  South Building , Shenzhen, GD, 518057, CN","","awskms","AWS Key Management Service","Amazon Web Services, Inc.","ap-southeast-1-KMS-Requests",,"4913687","$0.00 per request - Monthly Global Free Tier for KMS requests","2015/05/01 00:00:00","2015/05/31 23:59:59","6.0","0.0","USD","0.000000","0.0","0.000000","None","0.000000"
"Estimated","102964196778","102964196778","LinkedLineItem","5600000000250806988","2015/05/01 00:00:00","2015/05/31 23:59:59","2015/05/19 19:21:12","TP-LINK Technologies Co., Ltd.","TP-LINK Technologies Co., Ltd.","No.5 Keyuan Road  South Building , Shenzhen, GD, 518057, CN","","AmazonDynamoDB","Amazon DynamoDB","Amazon Web Services, Inc.","ReadCapacityUnit-Hrs","CommittedThroughput","3717202","$0.00013 per hour for units of read capacity beyond the free tier","2015/05/01 00:00:00","2015/05/31 23:59:59","225792.0","0.0001195198","USD","26.986615","0.0","0.000000","None","26.986615"
"Estimated","102964196778","102964196778","LinkedLineItem","5600000000251686752","2015/05/01 00:00:00","2015/05/31 23:59:59","2015/05/19 19:21:12","TP-LINK Technologies Co., Ltd.","TP-LINK Technologies Co., Ltd.","No.5 Keyuan Road  South Building , Shenzhen, GD, 518057, CN","","AmazonRoute53","Amazon Route 53","Amazon Web Services, Inc.","Intra-AWS-DNS-Queries",,"3035136","Queries to Alias records are free of charge","2015/05/01 00:00:00","2015/05/31 23:59:59","1522259.0","0.0","USD","0.000000","0.0","0.000000","None","0.000000"
"Estimated","102964196778","102964196778","LinkedLineItem","5600000000251686753","2015/05/01 00:00:00","2015/05/31 23:59:59","2015/05/19 19:21:12","TP-LINK Technologies Co., Ltd.","TP-LINK Technologies Co., Ltd.","No.5 Keyuan Road  South Building , Shenzhen, GD, 518057, CN","","AWSDataTransfer","AWS Data Transfer","Amazon Web Services, Inc.","APN1-USE1-AWS-In-Bytes",,"3510969","$0.00 per GB - Asia Pacific (Tokyo) data transfer from US East (Northern Virginia)","2015/05/01 00:00:00","2015/05/31 23:59:59","0.05117936","0.0","USD","0.000000","0.0","0.000000","None","0.000000"
"Estimated","102964196778","102964196778","LinkedLineItem","5600000000251686754","2015/05/01 00:00:00","2015/05/31 23:59:59","2015/05/19 19:21:12","TP-LINK Technologies Co., Ltd.","TP-LINK Technologies Co., Ltd.","No.5 Keyuan Road  South Building , Shenzhen, GD, 518057, CN","","AWSDataTransfer","AWS Data Transfer","Amazon Web Services, Inc.","USE1-APS2-AWS-Out-Bytes",,"3510823","$0.02 per GB - US East (Northern Virginia) data transfer to Asia Pacific (Sydney)","2015/05/01 00:00:00","2015/05/31 23:59:59","0.00023876","0.0209415312","USD","0.000005","0.0","0.000000","None","0.000005"
"Estimated","102964196778","102964196778","LinkedLineItem","5600000000251686755","2015/05/01 00:00:00","2015/05/31 23:59:59","2015/05/19 19:21:12","TP-LINK Technologies Co., Ltd.","TP-LINK Technologies Co., Ltd.","No.5 Keyuan Road  South Building , Shenzhen, GD, 518057, CN","","AmazonEC2","Amazon Elastic Compute Cloud","Amazon Web Services, Inc.","APS1-BoxUsage","RunInstances","4869108","$0.058 per On Demand Linux m1.small Instance Hour","2015/05/01 00:00:00","2015/05/31 23:59:59","448.0","0.058","USD","25.984000","0.0","0.000000","None","25.984000"
"Estimated","102964196778","102964196778","LinkedLineItem","5600000000251686756","2015/05/01 00:00:00","2015/05/31 23:59:59","2015/05/19 19:21:12","TP-LINK Technologies Co., Ltd.","TP-LINK Technologies Co., Ltd.","No.5 Keyuan Road  South Building , Shenzhen, GD, 518057, CN","","AmazonEC2","Amazon Elastic Compute Cloud","Amazon Web Services, Inc.","CW:AlarmMonitorUsage",,"4870349","$0.00 per alarm-month - first 10 alarms","2015/05/01 00:00:00","2015/05/31 23:59:59","0.60215232","0.0","USD","0.000000","0.0","0.000000","None","0.000000"
"Estimated","102964196778","102964196778","LinkedLineItem","5600000000251686757","2015/05/01 00:00:00","2015/05/31 23:59:59","2015/05/19 19:21:12","TP-LINK Technologies Co., Ltd.","TP-LINK Technologies Co., Ltd.","No.5 Keyuan Road  South Building , Shenzhen, GD, 518057, CN","","AmazonCloudFront","Amazon CloudFront","Amazon Web Services, Inc.","JP-Requests-Tier2-HTTPS",,"3506659","$0.012 per 10,000 HTTPS Requests","2015/05/01 00:00:00","2015/05/31 23:59:59","6508.0","0.0000012001","USD","0.007810","0.0","0.000000","None","0.007810"
"Estimated","102964196778","102964196778","LinkedLineItem","5600000000251686758","2015/05/01 00:00:00","2015/05/31 23:59:59","2015/05/19 19:21:12","TP-LINK Technologies Co., Ltd.","TP-LINK Technologies Co., Ltd.","No.5 Keyuan Road  South Building , Shenzhen, GD, 518057, CN","","AWSDataTransfer","AWS Data Transfer","Amazon Web Services, Inc.","APS1-CloudFront-In-Bytes",,"3510744","$0.00 per GB data transfer in to Asia Pacific (Singapore) from CloudFront","2015/05/01 00:00:00","2015/05/31 23:59:59","0.361445","0.0","USD","0.000000","0.0","0.000000","None","0.000000"
"Estimated","102964196778","102964196778","LinkedLineItem","5600000000251686759","2015/05/01 00:00:00","2015/05/31 23:59:59","2015/05/19 19:21:12","TP-LINK Technologies Co., Ltd.","TP-LINK Technologies Co., Ltd.","No.5 Keyuan Road  South Building , Shenzhen, GD, 518057, CN","","AmazonEC2","Amazon Elastic Compute Cloud","Amazon Web Services, Inc.","APN1-BoxUsage:t2.small","RunInstances","4869154","$0.040 per On Demand Linux t2.small Instance Hour","2015/05/01 00:00:00","2015/05/31 23:59:59","447.0","0.04","USD","17.880000","0.0","0.000000","None","17.880000"
"Estimated","102964196778","102964196778","LinkedLineItem","5600000000251686760","2015/05/01 00:00:00","2015/05/31 23:59:59","2015/05/19 19:21:12","TP-LINK Technologies Co., Ltd.","TP-LINK Technologies Co., Ltd.","No.5 Keyuan Road  South Building , Shenzhen, GD, 518057, CN","","AWSDataTransfer","AWS Data Transfer","Amazon Web Services, Inc.","APN1-DataTransfer-In-Bytes",,"3510893","$0.000 per GB - data transfer in per month","2015/05/01 00:00:00","2015/05/31 23:59:59","0.92100225","0.0","USD","0.000000","0.0","0.000000","None","0.000000"
"Estimated","102964196778","102964196778","LinkedLineItem","5600000000251686761","2015/05/01 00:00:00","2015/05/31 23:59:59","2015/05/19 19:21:12","TP-LINK Technologies Co., Ltd.","TP-LINK Technologies Co., Ltd.","No.5 Keyuan Road  South Building , Shenzhen, GD, 518057, CN","","AmazonElastiCache","Amazon ElastiCache","Amazon Web Services, Inc.","NodeUsage:cache.m3.medium","CreateCacheCluster:0001","3816016","$0.09 per  Enhanced Medium Cache node-hour (or partial hour) running Memcached","2015/05/01 00:00:00","2015/05/31 23:59:59","1344.0","0.09","USD","120.960000","0.0","0.000000","None","120.960000"
"Estimated","102964196778","102964196778","LinkedLineItem","5600000000251686762","2015/05/01 00:00:00","2015/05/31 23:59:59","2015/05/19 19:21:12","TP-LINK Technologies Co., Ltd.","TP-LINK Technologies Co., Ltd.","No.5 Keyuan Road  South Building , Shenzhen, GD, 518057, CN","","AWSDataTransfer","AWS Data Transfer","Amazon Web Services, Inc.","EU-APN1-AWS-Out-Bytes",,"3510777","$0.02 per GB - EU (Ireland) data transfer to Asia Pacific (Tokyo)","2015/05/01 00:00:00","2015/05/31 23:59:59","0.00024393","0.0204976838","USD","0.000005","0.0","0.000000","None","0.000005"
"Estimated","102964196778","102964196778","LinkedLineItem","5600000000251686763","2015/05/01 00:00:00","2015/05/31 23:59:59","2015/05/19 19:21:12","TP-LINK Technologies Co., Ltd.","TP-LINK Technologies Co., Ltd.","No.5 Keyuan Road  South Building , Shenzhen, GD, 518057, CN","","AmazonEC2","Amazon Elastic Compute Cloud","Amazon Web Services, Inc.","EU-LoadBalancerUsage","LoadBalancing","4870380","$0.028 per LoadBalancer-hour (or partial hour)","2015/05/01 00:00:00","2015/05/31 23:59:59","2235.0","0.028","USD","62.580000","0.0","0.000000","None","62.580000"
"Estimated","102964196778","102964196778","LinkedLineItem","5600000000251686764","2015/05/01 00:00:00","2015/05/31 23:59:59","2015/05/19 19:21:12","TP-LINK Technologies Co., Ltd.","TP-LINK Technologies Co., Ltd.","No.5 Keyuan Road  South Building , Shenzhen, GD, 518057, CN","","AmazonDynamoDB","Amazon DynamoDB","Amazon Web Services, Inc.","USW1-ReadCapacityUnit-Hrs","CommittedThroughput","3717244","$0.00 per hour for 25 units of read capacity for a month (free tier)","2015/05/01 00:00:00","2015/05/31 23:59:59","894.0","0.0","USD","0.000000","0.0","0.000000","None","0.000000"
"Estimated","102964196778","102964196778","LinkedLineItem","5600000000251686765","2015/05/01 00:00:00","2015/05/31 23:59:59","2015/05/19 19:21:12","TP-LINK Technologies Co., Ltd.","TP-LINK Technologies Co., Ltd.","No.5 Keyuan Road  South Building , Shenzhen, GD, 518057, CN","","AWSDataTransfer","AWS Data Transfer","Amazon Web Services, Inc.","APS1-SAE1-AWS-Out-Bytes",,"3510996","$0.09 per GB - Asia Pacific (Singapore) data transfer to South America (Sao Paulo)","2015/05/01 00:00:00","2015/05/31 23:59:59","0.00037382","0.090952865","USD","0.000034","0.0","0.000000","None","0.000034"
"Estimated","102964196778","102964196778","LinkedLineItem","5600000000251686766","2015/05/01 00:00:00","2015/05/31 23:59:59","2015/05/19 19:21:12","TP-LINK Technologies Co., Ltd.","TP-LINK Technologies Co., Ltd.","No.5 Keyuan Road  South Building , Shenzhen, GD, 518057, CN","","AmazonEC2","Amazon Elastic Compute Cloud","Amazon Web Services, Inc.","BoxUsage:c3.large","RunInstances","4870651","$0.105 per On Demand Linux c3.large Instance Hour","2015/05/01 00:00:00","2015/05/31 23:59:59","896.0","0.105","USD","94.080000","0.0","0.000000","None","94.080000"
"Estimated","102964196778","102964196778","LinkedLineItem","5600000000251686767","2015/05/01 00:00:00","2015/05/31 23:59:59","2015/05/19 19:21:12","TP-LINK Technologies Co., Ltd.","TP-LINK Technologies Co., Ltd.","No.5 Keyuan Road  South Building , Shenzhen, GD, 518057, CN","","AmazonDynamoDB","Amazon DynamoDB","Amazon Web Services, Inc.","APN1-TimedStorage-ByteHrs",,"3717205","$0.00 per GB-Month of storage for first 25 free GB-Months","2015/05/01 00:00:00","2015/05/31 23:59:59","0.09035766","0.0","USD","0.000000","0.0","0.000000","None","0.000000"
"Estimated","102964196778","102964196778","LinkedLineItem","5600000000251686768","2015/05/01 00:00:00","2015/05/31 23:59:59","2015/05/19 19:21:12","TP-LINK Technologies Co., Ltd.","TP-LINK Technologies Co., Ltd.","No.5 Keyuan Road  South Building , Shenzhen, GD, 518057, CN","","AmazonDynamoDB","Amazon DynamoDB","Amazon Web Services, Inc.","USW1-WriteCapacityUnit-Hrs","CommittedThroughput","3717242","$0.00 per hour for 25 units of write capacity for a month (free tier)","2015/05/01 00:00:00","2015/05/31 23:59:59","894.0","0.0","USD","0.000000","0.0","0.000000","None","0.000000"
"Estimated","102964196778","102964196778","LinkedLineItem","5600000000250904321","2015/05/01 00:00:00","2015/05/31 23:59:59","2015/05/19 19:21:12","TP-LINK Technologies Co., Ltd.","TP-LINK Technologies Co., Ltd.","No.5 Keyuan Road  South Building , Shenzhen, GD, 518057, CN","","AmazonEC2","Amazon Elastic Compute Cloud","Amazon Web Services, Inc.","APN1-CW:Requests",,"4870367","$0.01 per 1,000 requests","2015/05/01 00:00:00","2015/05/31 23:59:59","363.0","0.000010","USD","0.003630","0.0","0.000000","None","0.003630"
"Estimated","102964196778","102964196778","LinkedLineItem","5600000000251686769","2015/05/01 00:00:00","2015/05/31 23:59:59","2015/05/19 19:21:12","TP-LINK Technologies Co., Ltd.","TP-LINK Technologies Co., Ltd.","No.5 Keyuan Road  South Building , Shenzhen, GD, 518057, CN","","AmazonEC2","Amazon Elastic Compute Cloud","Amazon Web Services, Inc.","APS1-EBS:VolumeIOUsage",,"4870198","$0.08 per 1 million I/O requests - Asia Pacific (Singapore)","2015/05/01 00:00:00","2015/05/31 23:59:59","1171706.0","8.0E-8","USD","0.093736","0.0","0.000000","None","0.093736"
"Estimated","102964196778","102964196778","LinkedLineItem","5600000000254438189","2015/05/01 00:00:00","2015/05/31 23:59:59","2015/05/19 19:21:12","TP-LINK Technologies Co., Ltd.","TP-LINK Technologies Co., Ltd.","No.5 Keyuan Road  South Building , Shenzhen, GD, 518057, CN","","AmazonCloudFront","Amazon CloudFront","Amazon Web Services, Inc.","IN-Requests-Tier1","GET","3506610","$0.0090 per 10,000 HTTP Requests (India)","2015/05/01 00:00:00","2015/05/31 23:59:59","6.0","8.333E-7","USD","0.000005","0.0","0.000000","None","0.000005"
"Estimated","102964196778","102964196778","LinkedLineItem","5600000000251686771","2015/05/01 00:00:00","2015/05/31 23:59:59","2015/05/19 19:21:12","TP-LINK Technologies Co., Ltd.","TP-LINK Technologies Co., Ltd.","No.5 Keyuan Road  South Building , Shenzhen, GD, 518057, CN","","AWSDataTransfer","AWS Data Transfer","Amazon Web Services, Inc.","EU-DataTransfer-Regional-Bytes",,"3510868","$0.010 per GB - regional data transfer - in/out/between EC2 AZs or using IPs or ELB","2015/05/01 00:00:00","2015/05/31 23:59:59","4.42224686","0.009999894","USD","0.044222","0.0","0.000000","None","0.044222"
"Estimated","102964196778","102964196778","LinkedLineItem","5600000000251686772","2015/05/01 00:00:00","2015/05/31 23:59:59","2015/05/19 19:21:12","TP-LINK Technologies Co., Ltd.","TP-LINK Technologies Co., Ltd.","No.5 Keyuan Road  South Building , Shenzhen, GD, 518057, CN","","AmazonS3","Amazon Simple Storage Service","Amazon Web Services, Inc.","APN1-Requests-Tier1",,"3309782","$0.0047 per 1,000 PUT, COPY, POST, or LIST requests","2015/05/01 00:00:00","2015/05/31 23:59:59","467.0","0.0000047002","USD","0.002195","0.0","0.000000","None","0.002195"
"Estimated","102964196778","102964196778","LinkedLineItem","5600000000251686773","2015/05/01 00:00:00","2015/05/31 23:59:59","2015/05/19 19:21:12","TP-LINK Technologies Co., Ltd.","TP-LINK Technologies Co., Ltd.","No.5 Keyuan Road  South Building , Shenzhen, GD, 518057, CN","","AWSDataTransfer","AWS Data Transfer","Amazon Web Services, Inc.","APN1-CloudFront-In-Bytes",,"3510746","$0.00 per GB data transfer in to Asia Pacific (Tokyo) from CloudFront","2015/05/01 00:00:00","2015/05/31 23:59:59","0.01231082","0.0","USD","0.000000","0.0","0.000000","None","0.000000"
"Estimated","102964196778","102964196778","LinkedLineItem","5600000000254507781","2015/05/01 00:00:00","2015/05/31 23:59:59","2015/05/19 19:21:12","TP-LINK Technologies Co., Ltd.","TP-LINK Technologies Co., Ltd.","No.5 Keyuan Road  South Building , Shenzhen, GD, 518057, CN","","AmazonS3","Amazon Simple Storage Service","Amazon Web Services, Inc.","APS2-Requests-Tier2",,"3309625","$0.0044 per 10,000 GET and all other requests","2015/05/01 00:00:00","2015/05/31 23:59:59","10.0","4.0E-7","USD","0.000004","0.0","0.000000","None","0.000004"
"Estimated","102964196778","102964196778","LinkedLineItem","5600000000251686774","2015/05/01 00:00:00","2015/05/31 23:59:59","2015/05/19 19:21:12","TP-LINK Technologies Co., Ltd.","TP-LINK Technologies Co., Ltd.","No.5 Keyuan Road  South Building , Shenzhen, GD, 518057, CN","","AWSDataTransfer","AWS Data Transfer","Amazon Web Services, Inc.","APS1-APS2-AWS-Out-Bytes",,"3511000","$0.09 per GB - Asia Pacific (Singapore) data transfer to Asia Pacific (Sydney)","2015/05/01 00:00:00","2015/05/31 23:59:59","0.0006804","0.0896531452","USD","0.000061","0.0","0.000000","None","0.000061"
"Estimated","102964196778","102964196778","LinkedLineItem","5600000000251686775","2015/05/01 00:00:00","2015/05/31 23:59:59","2015/05/19 19:21:12","TP-LINK Technologies Co., Ltd.","TP-LINK Technologies Co., Ltd.","No.5 Keyuan Road  South Building , Shenzhen, GD, 518057, CN","","AWSDataTransfer","AWS Data Transfer","Amazon Web Services, Inc.","APS1-USW2-AWS-In-Bytes",,"3510991","$0.00 per GB - Asia Pacific (Singapore) data transfer from US West (Oregon)","2015/05/01 00:00:00","2015/05/31 23:59:59","0.00340451","0.0","USD","0.000000","0.0","0.000000","None","0.000000"
"Estimated","102964196778","102964196778","LinkedLineItem","5600000000254438190","2015/05/01 00:00:00","2015/05/31 23:59:59","2015/05/19 19:21:12","TP-LINK Technologies Co., Ltd.","TP-LINK Technologies Co., Ltd.","No.5 Keyuan Road  South Building , Shenzhen, GD, 518057, CN","","AmazonDynamoDB","Amazon DynamoDB","Amazon Web Services, Inc.","APN1-ReadCapacityUnit-Hrs","CommittedThroughput","3717255","$0.0001484 per hour for units of read capacity beyond the free tier","2015/05/01 00:00:00","2015/05/31 23:59:59","17920.0","0.000125062","USD","2.241111","0.0","0.000000","None","2.241111"
"Estimated","102964196778","102964196778","LinkedLineItem","5600000000253467821","2015/05/01 00:00:00","2015/05/31 23:59:59","2015/05/19 19:21:12","TP-LINK Technologies Co., Ltd.","TP-LINK Technologies Co., Ltd.","No.5 Keyuan Road  South Building , Shenzhen, GD, 518057, CN","","AWSDataTransfer","AWS Data Transfer","Amazon Web Services, Inc.","APN1-USW1-AWS-In-Bytes",,"3510971","$0.00 per GB - Asia Pacific (Tokyo) data transfer from US West (Northern California)","2015/05/01 00:00:00","2015/05/31 23:59:59","0.00010348","0.0","USD","0.000000","0.0","0.000000","None","0.000000"
"Estimated","102964196778","102964196778","LinkedLineItem","5600000000251686776","2015/05/01 00:00:00","2015/05/31 23:59:59","2015/05/19 19:21:12","TP-LINK Technologies Co., Ltd.","TP-LINK Technologies Co., Ltd.","No.5 Keyuan Road  South Building , Shenzhen, GD, 518057, CN","","AWSDataTransfer","AWS Data Transfer","Amazon Web Services, Inc.","APS1-UGW1-AWS-In-Bytes",,"3510993","$0.00 per GB - Asia Pacific (Singapore) data transfer from AWS GovCloud (US)","2015/05/01 00:00:00","2015/05/31 23:59:59","0.00048552","0.0","USD","0.000000","0.0","0.000000","None","0.000000"
"Estimated","102964196778","102964196778","LinkedLineItem","5600000000253554870","2015/05/01 00:00:00","2015/05/31 23:59:59","2015/05/19 19:21:12","TP-LINK Technologies Co., Ltd.","TP-LINK Technologies Co., Ltd.","No.5 Keyuan Road  South Building , Shenzhen, GD, 518057, CN","","AWSDataTransfer","AWS Data Transfer","Amazon Web Services, Inc.","APN1-SAE1-AWS-In-Bytes",,"3510977","$0.00 per GB - Asia Pacific (Tokyo) data transfer from South America (Sao Paulo)","2015/05/01 00:00:00","2015/05/31 23:59:59","2.4E-7","0.0","USD","0.000000","0.0","0.000000","None","0.000000"
"Estimated","102964196778","102964196778","LinkedLineItem","5600000000251686777","2015/05/01 00:00:00","2015/05/31 23:59:59","2015/05/19 19:21:12","TP-LINK Technologies Co., Ltd.","TP-LINK Technologies Co., Ltd.","No.5 Keyuan Road  South Building , Shenzhen, GD, 518057, CN","","AWSDataTransfer","AWS Data Transfer","Amazon Web Services, Inc.","APS1-UGW1-AWS-Out-Bytes",,"3510994","$0.09 per GB - Asia Pacific (Singapore) data transfer to AWS GovCloud (US)","2015/05/01 00:00:00","2015/05/31 23:59:59","0.00024028","0.0915598468","USD","0.000022","0.0","0.000000","None","0.000022"
"Estimated","102964196778","102964196778","LinkedLineItem","5600000000251686778","2015/05/01 00:00:00","2015/05/31 23:59:59","2015/05/19 19:21:12","TP-LINK Technologies Co., Ltd.","TP-LINK Technologies Co., Ltd.","No.5 Keyuan Road  South Building , Shenzhen, GD, 518057, CN","","AWSDataTransfer","AWS Data Transfer","Amazon Web Services, Inc.","APS1-APN1-AWS-In-Bytes",,"3510997","$0.00 per GB - Asia Pacific (Singapore) data transfer from Asia Pacific (Tokyo)","2015/05/01 00:00:00","2015/05/31 23:59:59","0.02556853","0.0","USD","0.000000","0.0","0.000000","None","0.000000"
"Estimated","102964196778","102964196778","LinkedLineItem","5600000000253487385","2015/05/01 00:00:00","2015/05/31 23:59:59","2015/05/19 19:21:12","TP-LINK Technologies Co., Ltd.","TP-LINK Technologies Co., Ltd.","No.5 Keyuan Road  South Building , Shenzhen, GD, 518057, CN","","AmazonSNS","Amazon Simple Notification Service","Amazon Web Services, Inc.","APN1-Requests-Tier1",,"4610337","First 1,000,000 Amazon SNS API Requests per month are free","2015/05/01 00:00:00","2015/05/31 23:59:59","2.0","0.0","USD","0.000000","0.0","0.000000","None","0.000000"
"Estimated","102964196778","102964196778","LinkedLineItem","5600000000254507782","2015/05/01 00:00:00","2015/05/31 23:59:59","2015/05/19 19:21:12","TP-LINK Technologies Co., Ltd.","TP-LINK Technologies Co., Ltd.","No.5 Keyuan Road  South Building , Shenzhen, GD, 518057, CN","","AWSDataTransfer","AWS Data Transfer","Amazon Web Services, Inc.","APS2-APS1-AWS-Out-Bytes",,"3510793","$0.14 per GB - Asia Pacific (Sydney) data transfer to Asia Pacific (Singapore)","2015/05/01 00:00:00","2015/05/31 23:59:59","0.00000106","0.0","USD","0.000000","0.0","0.000000","None","0.000000"
"Estimated","102964196778","102964196778","LinkedLineItem","5600000000251686780","2015/05/01 00:00:00","2015/05/31 23:59:59","2015/05/19 19:21:12","TP-LINK Technologies Co., Ltd.","TP-LINK Technologies Co., Ltd.","No.5 Keyuan Road  South Building , Shenzhen, GD, 518057, CN","","AWSDataTransfer","AWS Data Transfer","Amazon Web Services, Inc.","EU-UGW1-AWS-In-Bytes",,"3510782","$0.00 per GB - EU (Ireland) data transfer from AWS GovCloud (US)","2015/05/01 00:00:00","2015/05/31 23:59:59","0.00048552","0.0","USD","0.000000","0.0","0.000000","None","0.000000"
"Estimated","102964196778","102964196778","LinkedLineItem","5600000000251686781","2015/05/01 00:00:00","2015/05/31 23:59:59","2015/05/19 19:21:12","TP-LINK Technologies Co., Ltd.","TP-LINK Technologies Co., Ltd.","No.5 Keyuan Road  South Building , Shenzhen, GD, 518057, CN","","AmazonEC2","Amazon Elastic Compute Cloud","Amazon Web Services, Inc.","USW1-CW:Requests",,"4870363","$0.00 per request - first 1,000,000 requests","2015/05/01 00:00:00","2015/05/31 23:59:59","364.0","0.0","USD","0.000000","0.0","0.000000","None","0.000000"
"Estimated","102964196778","102964196778","LinkedLineItem","5600000000253554871","2015/05/01 00:00:00","2015/05/31 23:59:59","2015/05/19 19:21:12","TP-LINK Technologies Co., Ltd.","TP-LINK Technologies Co., Ltd.","No.5 Keyuan Road  South Building , Shenzhen, GD, 518057, CN","","AWSDataTransfer","AWS Data Transfer","Amazon Web Services, Inc.","APN1-SAE1-AWS-Out-Bytes",,"3510978","$0.09 per GB - Asia Pacific (Tokyo) data transfer to South America (Sao Paulo)","2015/05/01 00:00:00","2015/05/31 23:59:59","2.2E-7","0.0","USD","0.000000","0.0","0.000000","None","0.000000"
"Estimated","102964196778","102964196778","LinkedLineItem","5600000000254507783","2015/05/01 00:00:00","2015/05/31 23:59:59","2015/05/19 19:21:12","TP-LINK Technologies Co., Ltd.","TP-LINK Technologies Co., Ltd.","No.5 Keyuan Road  South Building , Shenzhen, GD, 518057, CN","","AWSDataTransfer","AWS Data Transfer","Amazon Web Services, Inc.","DataTransfer-Out-Bytes",,"3510872","$0.090 per GB - up to 10 TB / month data transfer out","2015/05/01 00:00:00","2015/05/31 23:59:59","3.58375976","0.0655152733","USD","0.234791","0.0","0.000000","None","0.234791"
"Estimated","102964196778","102964196778","LinkedLineItem","5600000000251686782","2015/05/01 00:00:00","2015/05/31 23:59:59","2015/05/19 19:21:12","TP-LINK Technologies Co., Ltd.","TP-LINK Technologies Co., Ltd.","No.5 Keyuan Road  South Building , Shenzhen, GD, 518057, CN","","AmazonEC2","Amazon Elastic Compute Cloud","Amazon Web Services, Inc.","SAE1-CW:Requests",,"4870337","$0.00 per request - first 1,000,000 requests","2015/05/01 00:00:00","2015/05/31 23:59:59","364.0","0.0","USD","0.000000","0.0","0.000000","None","0.000000"
"Estimated","102964196778","102964196778","LinkedLineItem","5600000000254355608","2015/05/01 00:00:00","2015/05/31 23:59:59","2015/05/19 19:21:12","TP-LINK Technologies Co., Ltd.","TP-LINK Technologies Co., Ltd.","No.5 Keyuan Road  South Building , Shenzhen, GD, 518057, CN","","AmazonEC2","Amazon Elastic Compute Cloud","Amazon Web Services, Inc.","APS1-ElasticIP:IdleAddress",,"4870404","$0.005 per Elastic IP address not attached to a running instance per hour (prorated)","2015/05/01 00:00:00","2015/05/31 23:59:59","268.0","0.0049961978","USD","1.338981","0.0","0.000000","None","1.338981"
"Estimated","102964196778","102964196778","LinkedLineItem","5600000000251686783","2015/05/01 00:00:00","2015/05/31 23:59:59","2015/05/19 19:21:12","TP-LINK Technologies Co., Ltd.","TP-LINK Technologies Co., Ltd.","No.5 Keyuan Road  South Building , Shenzhen, GD, 518057, CN","","AWSDataTransfer","AWS Data Transfer","Amazon Web Services, Inc.","APS1-EU-AWS-In-Bytes",,"3511001","$0.00 per GB - Asia Pacific (Singapore) data transfer from EU (Ireland)","2015/05/01 00:00:00","2015/05/31 23:59:59","0.0978964","0.0","USD","0.000000","0.0","0.000000","None","0.000000"
"Estimated","102964196778","102964196778","LinkedLineItem","5600000000251686784","2015/05/01 00:00:00","2015/05/31 23:59:59","2015/05/19 19:21:12","TP-LINK Technologies Co., Ltd.","TP-LINK Technologies Co., Ltd.","No.5 Keyuan Road  South Building , Shenzhen, GD, 518057, CN","","AmazonRDS","Amazon RDS Service","Amazon Web Services, Inc.","APS1-RDS:StorageIOUsage",,"3314254","$0.11 per 1 million I/O requests","2015/05/01 00:00:00","2015/05/31 23:59:59","604818.0","1.1E-7","USD","0.066530","0.0","0.000000","None","0.066530"
"Estimated","102964196778","102964196778","LinkedLineItem","5600000000251686785","2015/05/01 00:00:00","2015/05/31 23:59:59","2015/05/19 19:21:12","TP-LINK Technologies Co., Ltd.","TP-LINK Technologies Co., Ltd.","No.5 Keyuan Road  South Building , Shenzhen, GD, 518057, CN","","AmazonDynamoDB","Amazon DynamoDB","Amazon Web Services, Inc.","TimedStorage-ByteHrs",,"3717199","$0.00 per GB-Month of storage for first 25 free GB-Months","2015/05/01 00:00:00","2015/05/31 23:59:59","0.01102936","0.0","USD","0.000000","0.0","0.000000","None","0.000000"
"Estimated","102964196778","102964196778","LinkedLineItem","5600000000251686786","2015/05/01 00:00:00","2015/05/31 23:59:59","2015/05/19 19:21:12","TP-LINK Technologies Co., Ltd.","TP-LINK Technologies Co., Ltd.","No.5 Keyuan Road  South Building , Shenzhen, GD, 518057, CN","","AmazonEC2","Amazon Elastic Compute Cloud","Amazon Web Services, Inc.","APS1-BoxUsage:m3.medium","RunInstances","4869136","$0.098 per On Demand Linux m3.medium Instance Hour","2015/05/01 00:00:00","2015/05/31 23:59:59","3757.0","0.098","USD","368.186000","0.0","0.000000","None","368.186000"
"Estimated","102964196778","102964196778","LinkedLineItem","5600000000251686787","2015/05/01 00:00:00","2015/05/31 23:59:59","2015/05/19 19:21:12","TP-LINK Technologies Co., Ltd.","TP-LINK Technologies Co., Ltd.","No.5 Keyuan Road  South Building , Shenzhen, GD, 518057, CN","","AmazonElastiCache","Amazon ElastiCache","Amazon Web Services, Inc.","APS1-NodeUsage:cache.m3.medium","CreateCacheCluster:0001","3816052","$0.12 per  Enhanced Medium Cache node-hour (or partial hour) running Memcached","2015/05/01 00:00:00","2015/05/31 23:59:59","896.0","0.12","USD","107.520000","0.0","0.000000","None","107.520000"
"Estimated","102964196778","102964196778","LinkedLineItem","5600000000251686789","2015/05/01 00:00:00","2015/05/31 23:59:59","2015/05/19 19:21:12","TP-LINK Technologies Co., Ltd.","TP-LINK Technologies Co., Ltd.","No.5 Keyuan Road  South Building , Shenzhen, GD, 518057, CN","","AmazonEC2","Amazon Elastic Compute Cloud","Amazon Web Services, Inc.","EU-EBS:VolumeUsage.gp2",,"4870176","$0.11 per GB-month of General Purpose (SSD) provisioned storage - EU (Ireland)","2015/05/01 00:00:00","2015/05/31 23:59:59","47.52688096","0.110000002","USD","5.227957","0.0","0.000000","None","5.227957"
"Estimated","102964196778","102964196778","LinkedLineItem","5600000000252549559","2015/05/01 00:00:00","2015/05/31 23:59:59","2015/05/19 19:21:12","TP-LINK Technologies Co., Ltd.","TP-LINK Technologies Co., Ltd.","No.5 Keyuan Road  South Building , Shenzhen, GD, 518057, CN","","AmazonEC2","Amazon Elastic Compute Cloud","Amazon Web Services, Inc.","USW1-EBS:SnapshotUsage",,"4870157","$0.105 per GB-Month of snapshot data stored - US West (Northern California)","2015/05/01 00:00:00","2015/05/31 23:59:59","0.55885536","0.105000335","USD","0.058680","0.0","0.000000","None","0.058680"
"Estimated","102964196778","102964196778","LinkedLineItem","5600000000251686790","2015/05/01 00:00:00","2015/05/31 23:59:59","2015/05/19 19:21:12","TP-LINK Technologies Co., Ltd.","TP-LINK Technologies Co., Ltd.","No.5 Keyuan Road  South Building , Shenzhen, GD, 518057, CN","","AmazonS3","Amazon Simple Storage Service","Amazon Web Services, Inc.","APS1-Requests-Tier1",,"3309744","$0.005 per 1,000 PUT, COPY, POST, or LIST requests","2015/05/01 00:00:00","2015/05/31 23:59:59","10198.0","0.0000050","USD","0.050990","0.0","0.000000","None","0.050990"
"Estimated","102964196778","102964196778","LinkedLineItem","5600000000253431205","2015/05/01 00:00:00","2015/05/31 23:59:59","2015/05/19 19:21:12","TP-LINK Technologies Co., Ltd.","TP-LINK Technologies Co., Ltd.","No.5 Keyuan Road  South Building , Shenzhen, GD, 518057, CN","","AmazonDynamoDB","Amazon DynamoDB","Amazon Web Services, Inc.","APN1-WriteCapacityUnit-Hrs","CommittedThroughput","3717253","$0.000742 per hour for units of write capacity beyond the free tier","2015/05/01 00:00:00","2015/05/31 23:59:59","17920.0","0.0006253097","USD","11.205550","0.0","0.000000","None","11.205550"
"Estimated","102964196778","102964196778","LinkedLineItem","5600000000251686791","2015/05/01 00:00:00","2015/05/31 23:59:59","2015/05/19 19:21:12","TP-LINK Technologies Co., Ltd.","TP-LINK Technologies Co., Ltd.","No.5 Keyuan Road  South Building , Shenzhen, GD, 518057, CN","","AWSDataTransfer","AWS Data Transfer","Amazon Web Services, Inc.","EU-APS1-AWS-In-Bytes",,"3510776","$0.00 per GB - EU (Ireland) data transfer from Asia Pacific (Singapore)","2015/05/01 00:00:00","2015/05/31 23:59:59","0.02172533","0.0","USD","0.000000","0.0","0.000000","None","0.000000"
"Estimated","102964196778","102964196778","LinkedLineItem","5600000000251686792","2015/05/01 00:00:00","2015/05/31 23:59:59","2015/05/19 19:21:12","TP-LINK Technologies Co., Ltd.","TP-LINK Technologies Co., Ltd.","No.5 Keyuan Road  South Building , Shenzhen, GD, 518057, CN","","AmazonEC2","Amazon Elastic Compute Cloud","Amazon Web Services, Inc.","APS1-BoxUsage:t1.micro","RunInstances","4868853","$0.020 per On Demand Linux t1.micro Instance Hour","2015/05/01 00:00:00","2015/05/31 23:59:59","976.0","0.02","USD","19.520000","0.0","0.000000","None","19.520000"
"Estimated","102964196778","102964196778","LinkedLineItem","5600000000251686793","2015/05/01 00:00:00","2015/05/31 23:59:59","2015/05/19 19:21:12","TP-LINK Technologies Co., Ltd.","TP-LINK Technologies Co., Ltd.","No.5 Keyuan Road  South Building , Shenzhen, GD, 518057, CN","","AWSDataTransfer","AWS Data Transfer","Amazon Web Services, Inc.","USE1-USW1-AWS-In-Bytes",,"3510836","$0.00 per GB - US East (Northern Virginia) data transfer from US West (Northern California)","2015/05/01 00:00:00","2015/05/31 23:59:59","0.00055688","0.0","USD","0.000000","0.0","0.000000","None","0.000000"
"Estimated","102964196778","102964196778","LinkedLineItem","5600000000251686794","2015/05/01 00:00:00","2015/05/31 23:59:59","2015/05/19 19:21:12","TP-LINK Technologies Co., Ltd.","TP-LINK Technologies Co., Ltd.","No.5 Keyuan Road  South Building , Shenzhen, GD, 518057, CN","","AWSDataTransfer","AWS Data Transfer","Amazon Web Services, Inc.","DataTransfer-Regional-Bytes",,"3510876","$0.010 per GB - regional data transfer - in/out/between EC2 AZs or using IPs or ELB","2015/05/01 00:00:00","2015/05/31 23:59:59","9.82731226","0.0099999875","USD","0.098273","0.0","0.000000","None","0.098273"
"Estimated","102964196778","102964196778","LinkedLineItem","5600000000251686795","2015/05/01 00:00:00","2015/05/31 23:59:59","2015/05/19 19:21:12","TP-LINK Technologies Co., Ltd.","TP-LINK Technologies Co., Ltd.","No.5 Keyuan Road  South Building , Shenzhen, GD, 518057, CN","","AWSDataTransfer","AWS Data Transfer","Amazon Web Services, Inc.","APS1-DataTransfer-Regional-Bytes",,"3510892","$0.010 per GB - regional data transfer - in/out/between EC2 AZs or using IPs or ELB","2015/05/01 00:00:00","2015/05/31 23:59:59","93.41549848","0.0100000002","USD","0.934155","0.0","0.000000","None","0.934155"
"Estimated","102964196778","102964196778","LinkedLineItem","5600000000251686796","2015/05/01 00:00:00","2015/05/31 23:59:59","2015/05/19 19:21:12","TP-LINK Technologies Co., Ltd.","TP-LINK Technologies Co., Ltd.","No.5 Keyuan Road  South Building , Shenzhen, GD, 518057, CN","","AmazonRDS","Amazon RDS Service","Amazon Web Services, Inc.","APS1-Multi-AZUsage:db.m3.medium","CreateDBInstance:0002","3313442","$0.24 per RDS Second Gen Medium, Multi-AZ Instance hour (or partial hour) running MySQL - BYOL","2015/05/01 00:00:00","2015/05/31 23:59:59","127.0","0.24","USD","30.480000","0.0","0.000000","None","30.480000"
"Estimated","102964196778","102964196778","LinkedLineItem","5600000000254507784","2015/05/01 00:00:00","2015/05/31 23:59:59","2015/05/19 19:21:12","TP-LINK Technologies Co., Ltd.","TP-LINK Technologies Co., Ltd.","No.5 Keyuan Road  South Building , Shenzhen, GD, 518057, CN","","AmazonDynamoDB","Amazon DynamoDB","Amazon Web Services, Inc.","EU-ReadCapacityUnit-Hrs","CommittedThroughput","3717249","$0.000147 per hour for units of read capacity beyond the free tier","2015/05/01 00:00:00","2015/05/31 23:59:59","122031.0","0.0001268836","USD","15.483733","0.0","0.000000","None","15.483733"
"Estimated","102964196778","102964196778","LinkedLineItem","5600000000252549560","2015/05/01 00:00:00","2015/05/31 23:59:59","2015/05/19 19:21:12","TP-LINK Technologies Co., Ltd.","TP-LINK Technologies Co., Ltd.","No.5 Keyuan Road  South Building , Shenzhen, GD, 518057, CN","","AmazonDynamoDB","Amazon DynamoDB","Amazon Web Services, Inc.","WriteCapacityUnit-Hrs","CommittedThroughput","3717204","$0.00065 per hour for units of write capacity beyond the free tier","2015/05/01 00:00:00","2015/05/31 23:59:59","225792.0","0.0005975988","USD","134.933031","0.0","0.000000","None","134.933031"
"Estimated","102964196778","102964196778","LinkedLineItem","5600000000251686797","2015/05/01 00:00:00","2015/05/31 23:59:59","2015/05/19 19:21:12","TP-LINK Technologies Co., Ltd.","TP-LINK Technologies Co., Ltd.","No.5 Keyuan Road  South Building , Shenzhen, GD, 518057, CN","","AWSDataTransfer","AWS Data Transfer","Amazon Web Services, Inc.","APS1-DataTransfer-Out-Bytes",,"3510888","$0.120 per GB - up to 10 TB / month data transfer out","2015/05/01 00:00:00","2015/05/31 23:59:59","2147.47367871","0.1199442524","USD","257.577125","0.0","0.000000","None","257.577125"
"Estimated","102964196778","102964196778","LinkedLineItem","5600000000251686798","2015/05/01 00:00:00","2015/05/31 23:59:59","2015/05/19 19:21:12","TP-LINK Technologies Co., Ltd.","TP-LINK Technologies Co., Ltd.","No.5 Keyuan Road  South Building , Shenzhen, GD, 518057, CN","","AWSDataTransfer","AWS Data Transfer","Amazon Web Services, Inc.","APS1-CloudFront-Out-Bytes",,"3510743","$0.00 per GB data transfer out of Asia Pacific (Singapore) to CloudFront","2015/05/01 00:00:00","2015/05/31 23:59:59","1.49575994","0.0","USD","0.000000","0.0","0.000000","None","0.000000"
"Estimated","102964196778","102964196778","LinkedLineItem","5600000000251686799","2015/05/01 00:00:00","2015/05/31 23:59:59","2015/05/19 19:21:12","TP-LINK Technologies Co., Ltd.","TP-LINK Technologies Co., Ltd.","No.5 Keyuan Road  South Building , Shenzhen, GD, 518057, CN","","AWSDataTransfer","AWS Data Transfer","Amazon Web Services, Inc.","USE1-EU-AWS-In-Bytes",,"3510822","$0.00 per GB - US East (Northern Virginia) data transfer from EU (Ireland)","2015/05/01 00:00:00","2015/05/31 23:59:59","0.00340482","0.0","USD","0.000000","0.0","0.000000","None","0.000000"
"Estimated","102964196778","102964196778","LinkedLineItem","5600000000254355609","2015/05/01 00:00:00","2015/05/31 23:59:59","2015/05/19 19:21:12","TP-LINK Technologies Co., Ltd.","TP-LINK Technologies Co., Ltd.","No.5 Keyuan Road  South Building , Shenzhen, GD, 518057, CN","","AmazonS3","Amazon Simple Storage Service","Amazon Web Services, Inc.","APN1-TimedStorage-ByteHrs",,"3309776","$0.0330 per GB - first 1 TB / month of storage used","2015/05/01 00:00:00","2015/05/31 23:59:59","1.76613608","0.0329997222","USD","0.058282","0.0","0.000000","None","0.058282"
"Estimated","102964196778","102964196778","LinkedLineItem","5600000000253481130","2015/05/01 00:00:00","2015/05/31 23:59:59","2015/05/19 19:21:12","TP-LINK Technologies Co., Ltd.","TP-LINK Technologies Co., Ltd.","No.5 Keyuan Road  South Building , Shenzhen, GD, 518057, CN","","AWSDataTransfer","AWS Data Transfer","Amazon Web Services, Inc.","USE1-CloudFront-In-Bytes",,"3510756","$0.00 per GB data transfer in to US East (Northern Virginia) from CloudFront","2015/05/01 00:00:00","2015/05/31 23:59:59","0.00134138","0.0","USD","0.000000","0.0","0.000000","None","0.000000"
"Estimated","102964196778","102964196778","LinkedLineItem","5600000000251686800","2015/05/01 00:00:00","2015/05/31 23:59:59","2015/05/19 19:21:12","TP-LINK Technologies Co., Ltd.","TP-LINK Technologies Co., Ltd.","No.5 Keyuan Road  South Building , Shenzhen, GD, 518057, CN","","AWSSupportDeveloper","AWS Support (Developer)","Amazon Web Services, Inc.",,,,"Recurring Fee","2015/06/01 00:00:00","2015/06/30 23:59:59","0.0","49.0","USD","49.000000","0.0","0.000000","None","49.000000"
"Estimated","102964196778","102964196778","LinkedLineItem","5600000000251686801","2015/05/01 00:00:00","2015/05/31 23:59:59","2015/05/19 19:21:12","TP-LINK Technologies Co., Ltd.","TP-LINK Technologies Co., Ltd.","No.5 Keyuan Road  South Building , Shenzhen, GD, 518057, CN","","AmazonRDS","Amazon RDS Service","Amazon Web Services, Inc.","APS1-RDS:GP2-Storage","CreateDBInstance","3312780","$0.138 per GB-month of provisioned GP2 storage","2015/05/01 00:00:00","2015/05/31 23:59:59","3.01075264","0.1380000451","USD","0.415484","0.0","0.000000","None","0.415484"
"Estimated","102964196778","102964196778","LinkedLineItem","5600000000251686802","2015/05/01 00:00:00","2015/05/31 23:59:59","2015/05/19 19:21:12","TP-LINK Technologies Co., Ltd.","TP-LINK Technologies Co., Ltd.","No.5 Keyuan Road  South Building , Shenzhen, GD, 518057, CN","","AmazonRDS","Amazon RDS Service","Amazon Web Services, Inc.","APS1-InstanceUsage:db.t2.micro","CreateDBInstance:0002","3312951","$0.026 per RDS T2 Micro Instance hour (or partial hour) running MySQL - BYOL","2015/05/01 00:00:00","2015/05/31 23:59:59","448.0","0.026","USD","11.648000","0.0","0.000000","None","11.648000"
"Estimated","102964196778","102964196778","LinkedLineItem","5600000000252549561","2015/05/01 00:00:00","2015/05/31 23:59:59","2015/05/19 19:21:12","TP-LINK Technologies Co., Ltd.","TP-LINK Technologies Co., Ltd.","No.5 Keyuan Road  South Building , Shenzhen, GD, 518057, CN","","AmazonEC2","Amazon Elastic Compute Cloud","Amazon Web Services, Inc.","EU-EBS:SnapshotUsage",,"4870181","$0.095 per GB-Month of snapshot data stored - EU (Ireland)","2015/05/01 00:00:00","2015/05/31 23:59:59","6.89544792","0.0950000649","USD","0.655068","0.0","0.000000","None","0.655068"
"Estimated","102964196778","102964196778","LinkedLineItem","5600000000251686804","2015/05/01 00:00:00","2015/05/31 23:59:59","2015/05/19 19:21:12","TP-LINK Technologies Co., Ltd.","TP-LINK Technologies Co., Ltd.","No.5 Keyuan Road  South Building , Shenzhen, GD, 518057, CN","","AWSDataTransfer","AWS Data Transfer","Amazon Web Services, Inc.","USE1-USW2-AWS-Out-Bytes",,"3510833","$0.02 per GB - US East (Northern Virginia) data transfer to US West (Oregon)","2015/05/01 00:00:00","2015/05/31 23:59:59","0.00057287","0.0192015641","USD","0.000011","0.0","0.000000","None","0.000011"
"Estimated","102964196778","102964196778","LinkedLineItem","5600000000251686805","2015/05/01 00:00:00","2015/05/31 23:59:59","2015/05/19 19:21:12","TP-LINK Technologies Co., Ltd.","TP-LINK Technologies Co., Ltd.","No.5 Keyuan Road  South Building , Shenzhen, GD, 518057, CN","","AmazonRoute53","Amazon Route 53","Amazon Web Services, Inc.","HostedZone",,"3035135","$0.50 per Hosted Zone for the first 25 Hosted Zones","2015/05/01 00:00:00","2015/05/31 23:59:59","11.0","0.5","USD","5.500000","0.0","0.000000","None","5.500000"
"Estimated","102964196778","102964196778","LinkedLineItem","5600000000251686806","2015/05/01 00:00:00","2015/05/31 23:59:59","2015/05/19 19:21:12","TP-LINK Technologies Co., Ltd.","TP-LINK Technologies Co., Ltd.","No.5 Keyuan Road  South Building , Shenzhen, GD, 518057, CN","","AWSDataTransfer","AWS Data Transfer","Amazon Web Services, Inc.","USE1-APN1-AWS-Out-Bytes",,"3510827","$0.02 per GB - US East (Northern Virginia) data transfer to Asia Pacific (Tokyo)","2015/05/01 00:00:00","2015/05/31 23:59:59","0.00055253","0.0199084213","USD","0.000011","0.0","0.000000","None","0.000011"
"Estimated","102964196778","102964196778","LinkedLineItem","5600000000251686807","2015/05/01 00:00:00","2015/05/31 23:59:59","2015/05/19 19:21:12","TP-LINK Technologies Co., Ltd.","TP-LINK Technologies Co., Ltd.","No.5 Keyuan Road  South Building , Shenzhen, GD, 518057, CN","","AmazonEC2","Amazon Elastic Compute Cloud","Amazon Web Services, Inc.","APS1-BoxUsage:c3.large","RunInstances","4869045","$0.132 per On Demand Linux c3.large Instance Hour","2015/05/01 00:00:00","2015/05/31 23:59:59","2128.0","0.132","USD","280.896000","0.0","0.000000","None","280.896000"
"Estimated","102964196778","102964196778","LinkedLineItem","5600000000251686808","2015/05/01 00:00:00","2015/05/31 23:59:59","2015/05/19 19:21:12","TP-LINK Technologies Co., Ltd.","TP-LINK Technologies Co., Ltd.","No.5 Keyuan Road  South Building , Shenzhen, GD, 518057, CN","","AmazonCloudFront","Amazon CloudFront","Amazon Web Services, Inc.","EU-DataTransfer-Out-Bytes",,"3506645","$0.085 per GB - first 10 TB / month data transfer out","2015/05/01 00:00:00","2015/05/31 23:59:59","5.26234633","0.0849999168","USD","0.447299","0.0","0.000000","None","0.447299"
"Estimated","102964196778","102964196778","LinkedLineItem","5600000000251686809","2015/05/01 00:00:00","2015/05/31 23:59:59","2015/05/19 19:21:12","TP-LINK Technologies Co., Ltd.","TP-LINK Technologies Co., Ltd.","No.5 Keyuan Road  South Building , Shenzhen, GD, 518057, CN","","AmazonCloudFront","Amazon CloudFront","Amazon Web Services, Inc.","AP-DataTransfer-Out-Bytes",,"3506629","$0.140 per GB - first 10 TB / month data transfer out","2015/05/01 00:00:00","2015/05/31 23:59:59","19.22242319","0.1399999872","USD","2.691139","0.0","0.000000","None","2.691139"
"Estimated","102964196778","102964196778","LinkedLineItem","5600000000250846500","2015/05/01 00:00:00","2015/05/31 23:59:59","2015/05/19 19:21:12","TP-LINK Technologies Co., Ltd.","TP-LINK Technologies Co., Ltd.","No.5 Keyuan Road  South Building , Shenzhen, GD, 518057, CN","","AWSDataTransfer","AWS Data Transfer","Amazon Web Services, Inc.","USE1-CloudFront-Out-Bytes",,"3510755","$0.00 per GB data transfer out of US East (Northern Virginia) to CloudFront","2015/05/01 00:00:00","2015/05/31 23:59:59","0.01605326","0.0","USD","0.000000","0.0","0.000000","None","0.000000"
"Estimated","102964196778","102964196778","LinkedLineItem","5600000000251686810","2015/05/01 00:00:00","2015/05/31 23:59:59","2015/05/19 19:21:12","TP-LINK Technologies Co., Ltd.","TP-LINK Technologies Co., Ltd.","No.5 Keyuan Road  South Building , Shenzhen, GD, 518057, CN","","AWSDataTransfer","AWS Data Transfer","Amazon Web Services, Inc.","USE1-SAE1-AWS-In-Bytes",,"3510830","$0.00 per GB - US East (Northern Virginia) data transfer from South America (Sao Paulo)","2015/05/01 00:00:00","2015/05/31 23:59:59","0.00053548","0.0","USD","0.000000","0.0","0.000000","None","0.000000"
"Estimated","102964196778","102964196778","LinkedLineItem","5600000000251686811","2015/05/01 00:00:00","2015/05/31 23:59:59","2015/05/19 19:21:12","TP-LINK Technologies Co., Ltd.","TP-LINK Technologies Co., Ltd.","No.5 Keyuan Road  South Building , Shenzhen, GD, 518057, CN","","AmazonRoute53","Amazon Route 53","Amazon Web Services, Inc.","Intra-AWS-LBR-Queries",,"3035137","Queries to LBR Alias records are free of charge","2015/05/01 00:00:00","2015/05/31 23:59:59","5518257.0","0.0","USD","0.000000","0.0","0.000000","None","0.000000"
"Estimated","102964196778","102964196778","LinkedLineItem","5600000000251686812","2015/05/01 00:00:00","2015/05/31 23:59:59","2015/05/19 19:21:12","TP-LINK Technologies Co., Ltd.","TP-LINK Technologies Co., Ltd.","No.5 Keyuan Road  South Building , Shenzhen, GD, 518057, CN","","AWSDataTransfer","AWS Data Transfer","Amazon Web Services, Inc.","APS1-DataTransfer-In-Bytes",,"3510886","$0.000 per GB - data transfer in per month","2015/05/01 00:00:00","2015/05/31 23:59:59","20137.78565075","0.0","USD","0.000000","0.0","0.000000","None","0.000000"
"Estimated","102964196778","102964196778","LinkedLineItem","5600000000251686813","2015/05/01 00:00:00","2015/05/31 23:59:59","2015/05/19 19:21:12","TP-LINK Technologies Co., Ltd.","TP-LINK Technologies Co., Ltd.","No.5 Keyuan Road  South Building , Shenzhen, GD, 518057, CN","","AmazonEC2","Amazon Elastic Compute Cloud","Amazon Web Services, Inc.","CW:Requests",,"4870362","$0.00 per request - first 1,000,000 requests","2015/05/01 00:00:00","2015/05/31 23:59:59","764295.0","0.0","USD","0.000000","0.0","0.000000","None","0.000000"
"Estimated","102964196778","102964196778","LinkedLineItem","5600000000250904322","2015/05/01 00:00:00","2015/05/31 23:59:59","2015/05/19 19:21:12","TP-LINK Technologies Co., Ltd.","TP-LINK Technologies Co., Ltd.","No.5 Keyuan Road  South Building , Shenzhen, GD, 518057, CN","","AmazonEC2","Amazon Elastic Compute Cloud","Amazon Web Services, Inc.","USW2-CW:Requests",,"4870375","$0.01 per 1,000 requests","2015/05/01 00:00:00","2015/05/31 23:59:59","364.0","0.000010","USD","0.003640","0.0","0.000000","None","0.003640"
"Estimated","102964196778","102964196778","LinkedLineItem","5600000000250846501","2015/05/01 00:00:00","2015/05/31 23:59:59","2015/05/19 19:21:12","TP-LINK Technologies Co., Ltd.","TP-LINK Technologies Co., Ltd.","No.5 Keyuan Road  South Building , Shenzhen, GD, 518057, CN","","AWSDataTransfer","AWS Data Transfer","Amazon Web Services, Inc.","APN1-EU-AWS-Out-Bytes",,"3510984","$0.09 per GB - Asia Pacific (Tokyo) data transfer to EU (Ireland)","2015/05/01 00:00:00","2015/05/31 23:59:59","0.01869885","0.0900055351","USD","0.001683","0.0","0.000000","None","0.001683"
"Estimated","102964196778","102964196778","LinkedLineItem","5600000000251686814","2015/05/01 00:00:00","2015/05/31 23:59:59","2015/05/19 19:21:12","TP-LINK Technologies Co., Ltd.","TP-LINK Technologies Co., Ltd.","No.5 Keyuan Road  South Building , Shenzhen, GD, 518057, CN","","AmazonCloudFront","Amazon CloudFront","Amazon Web Services, Inc.","EU-Requests-Tier1","GET","3506631","$0.0090 per 10,000 HTTP Requests","2015/05/01 00:00:00","2015/05/31 23:59:59","27.0","8.889E-7","USD","0.000024","0.0","0.000000","None","0.000024"
"Estimated","102964196778","102964196778","LinkedLineItem","5600000000251686815","2015/05/01 00:00:00","2015/05/31 23:59:59","2015/05/19 19:21:12","TP-LINK Technologies Co., Ltd.","TP-LINK Technologies Co., Ltd.","No.5 Keyuan Road  South Building , Shenzhen, GD, 518057, CN","","AmazonDynamoDB","Amazon DynamoDB","Amazon Web Services, Inc.","EU-WriteCapacityUnit-Hrs","CommittedThroughput","3717248","$0.00 per hour for 25 units of write capacity for a month (free tier)","2015/05/01 00:00:00","2015/05/31 23:59:59","122304.0","0.0006346197","USD","77.616528","0.0","0.000000","None","77.616528"
"Estimated","102964196778","102964196778","LinkedLineItem","5600000000251686816","2015/05/01 00:00:00","2015/05/31 23:59:59","2015/05/19 19:21:12","TP-LINK Technologies Co., Ltd.","TP-LINK Technologies Co., Ltd.","No.5 Keyuan Road  South Building , Shenzhen, GD, 518057, CN","","AWSDataTransfer","AWS Data Transfer","Amazon Web Services, Inc.","USE1-APS2-AWS-In-Bytes",,"3510824","$0.00 per GB - US East (Northern Virginia) data transfer from Asia Pacific (Sydney)","2015/05/01 00:00:00","2015/05/31 23:59:59","0.00053705","0.0","USD","0.000000","0.0","0.000000","None","0.000000"
"Estimated","102964196778","102964196778","LinkedLineItem","5600000000251686817","2015/05/01 00:00:00","2015/05/31 23:59:59","2015/05/19 19:21:12","TP-LINK Technologies Co., Ltd.","TP-LINK Technologies Co., Ltd.","No.5 Keyuan Road  South Building , Shenzhen, GD, 518057, CN","","AWSDataTransfer","AWS Data Transfer","Amazon Web Services, Inc.","APS1-USE1-AWS-In-Bytes",,"3510987","$0.00 per GB - Asia Pacific (Singapore) data transfer from US East (Northern Virginia)","2015/05/01 00:00:00","2015/05/31 23:59:59","0.50351599","0.0","USD","0.000000","0.0","0.000000","None","0.000000"
"Estimated","102964196778","102964196778","LinkedLineItem","5600000000251686818","2015/05/01 00:00:00","2015/05/31 23:59:59","2015/05/19 19:21:12","TP-LINK Technologies Co., Ltd.","TP-LINK Technologies Co., Ltd.","No.5 Keyuan Road  South Building , Shenzhen, GD, 518057, CN","","AWSDataTransfer","AWS Data Transfer","Amazon Web Services, Inc.","EU-SAE1-AWS-In-Bytes",,"3510780","$0.00 per GB - EU (Ireland) data transfer from South America (Sao Paulo)","2015/05/01 00:00:00","2015/05/31 23:59:59","0.0005354","0.0","USD","0.000000","0.0","0.000000","None","0.000000"
"Estimated","102964196778","102964196778","LinkedLineItem","5600000000251686819","2015/05/01 00:00:00","2015/05/31 23:59:59","2015/05/19 19:21:12","TP-LINK Technologies Co., Ltd.","TP-LINK Technologies Co., Ltd.","No.5 Keyuan Road  South Building , Shenzhen, GD, 518057, CN","","AWSDataTransfer","AWS Data Transfer","Amazon Web Services, Inc.","EU-DataTransfer-In-Bytes",,"3510877","$0.000 per GB - data transfer in per month","2015/05/01 00:00:00","2015/05/31 23:59:59","647.6892293","0.0","USD","0.000000","0.0","0.000000","None","0.000000"
"Estimated","102964196778","102964196778","LinkedLineItem","5600000000251686820","2015/05/01 00:00:00","2015/05/31 23:59:59","2015/05/19 19:21:12","TP-LINK Technologies Co., Ltd.","TP-LINK Technologies Co., Ltd.","No.5 Keyuan Road  South Building , Shenzhen, GD, 518057, CN","","AmazonCloudFront","Amazon CloudFront","Amazon Web Services, Inc.","EU-Requests-Tier2-HTTPS",,"3506630","$0.0120 per 10,000 HTTPS Requests","2015/05/01 00:00:00","2015/05/31 23:59:59","75143.0","0.0000012","USD","0.090172","0.0","0.000000","None","0.090172"
"Estimated","102964196778","102964196778","LinkedLineItem","5600000000251686822","2015/05/01 00:00:00","2015/05/31 23:59:59","2015/05/19 19:21:12","TP-LINK Technologies Co., Ltd.","TP-LINK Technologies Co., Ltd.","No.5 Keyuan Road  South Building , Shenzhen, GD, 518057, CN","","AmazonEC2","Amazon Elastic Compute Cloud","Amazon Web Services, Inc.","APS1-LoadBalancerUsage","LoadBalancing","4870378","$0.028 per LoadBalancer-hour (or partial hour)","2015/05/01 00:00:00","2015/05/31 23:59:59","2748.0","0.028","USD","76.944000","0.0","0.000000","None","76.944000"
"Estimated","102964196778","102964196778","LinkedLineItem","5600000000251686823","2015/05/01 00:00:00","2015/05/31 23:59:59","2015/05/19 19:21:12","TP-LINK Technologies Co., Ltd.","TP-LINK Technologies Co., Ltd.","No.5 Keyuan Road  South Building , Shenzhen, GD, 518057, CN","","AWSDataTransfer","AWS Data Transfer","Amazon Web Services, Inc.","EU-APS2-AWS-In-Bytes",,"3510774","$0.00 per GB - EU (Ireland) data transfer from Asia Pacific (Sydney)","2015/05/01 00:00:00","2015/05/31 23:59:59","0.00053648","0.0","USD","0.000000","0.0","0.000000","None","0.000000"
"Estimated","102964196778","102964196778","LinkedLineItem","5600000000253481131","2015/05/01 00:00:00","2015/05/31 23:59:59","2015/05/19 19:21:12","TP-LINK Technologies Co., Ltd.","TP-LINK Technologies Co., Ltd.","No.5 Keyuan Road  South Building , Shenzhen, GD, 518057, CN","","AmazonSNS","Amazon Simple Notification Service","Amazon Web Services, Inc.","APS1-Requests-Tier1",,"4610335","First 1,000,000 Amazon SNS API Requests per month are free","2015/05/01 00:00:00","2015/05/31 23:59:59","61.0","0.0","USD","0.000000","0.0","0.000000","None","0.000000"
"Estimated","102964196778","102964196778","LinkedLineItem","5600000000251686824","2015/05/01 00:00:00","2015/05/31 23:59:59","2015/05/19 19:21:12","TP-LINK Technologies Co., Ltd.","TP-LINK Technologies Co., Ltd.","No.5 Keyuan Road  South Building , Shenzhen, GD, 518057, CN","","AmazonElastiCache","Amazon ElastiCache","Amazon Web Services, Inc.","APS1-NodeUsage:cache.m3.xlarge","CreateCacheCluster:0001","3816054","$0.485 per  Enhanced Extra Large Cache node-hour (or partial hour) running Memcached","2015/05/01 00:00:00","2015/05/31 23:59:59","254.0","0.485","USD","123.190000","0.0","0.000000","None","123.190000"
"Estimated","102964196778","102964196778","LinkedLineItem","5600000000254438191","2015/05/01 00:00:00","2015/05/31 23:59:59","2015/05/19 19:21:12","TP-LINK Technologies Co., Ltd.","TP-LINK Technologies Co., Ltd.","No.5 Keyuan Road  South Building , Shenzhen, GD, 518057, CN","","AWSDataTransfer","AWS Data Transfer","Amazon Web Services, Inc.","APS1-EUC1-AWS-In-Bytes",,"3510808","$0.00 per GB - Asia Pacific (Singapore) data transfer from EUC1 (FRA)","2015/05/01 00:00:00","2015/05/31 23:59:59","0.00027078","0.0","USD","0.000000","0.0","0.000000","None","0.000000"
"Estimated","102964196778","102964196778","LinkedLineItem","5600000000252549562","2015/05/01 00:00:00","2015/05/31 23:59:59","2015/05/19 19:21:12","TP-LINK Technologies Co., Ltd.","TP-LINK Technologies Co., Ltd.","No.5 Keyuan Road  South Building , Shenzhen, GD, 518057, CN","","AmazonEC2","Amazon Elastic Compute Cloud","Amazon Web Services, Inc.","EBS:SnapshotUsage",,"4870187","$0.095 per GB-Month of snapshot data stored - US East (Northern Virginia)","2015/05/01 00:00:00","2015/05/31 23:59:59","18.78021108","0.0949999972","USD","1.784120","0.0","0.000000","None","1.784120"
"Estimated","102964196778","102964196778","LinkedLineItem","5600000000251686825","2015/05/01 00:00:00","2015/05/31 23:59:59","2015/05/19 19:21:12","TP-LINK Technologies Co., Ltd.","TP-LINK Technologies Co., Ltd.","No.5 Keyuan Road  South Building , Shenzhen, GD, 518057, CN","","AmazonCloudFront","Amazon CloudFront","Amazon Web Services, Inc.","AP-Requests-Tier1","GET","3506649","$0.0090 per 10,000 HTTP Requests","2015/05/01 00:00:00","2015/05/31 23:59:59","237.0","8.987E-7","USD","0.000213","0.0","0.000000","None","0.000213"
"Estimated","102964196778","102964196778","LinkedLineItem","5600000000251686826","2015/05/01 00:00:00","2015/05/31 23:59:59","2015/05/19 19:21:12","TP-LINK Technologies Co., Ltd.","TP-LINK Technologies Co., Ltd.","No.5 Keyuan Road  South Building , Shenzhen, GD, 518057, CN","","AmazonEC2","Amazon Elastic Compute Cloud","Amazon Web Services, Inc.","APS1-DataProcessing-Bytes","LoadBalancing","4870388","$0.008 per GB Data Processed by the LoadBalancer","2015/05/01 00:00:00","2015/05/31 23:59:59","20742.56734941","0.008","USD","165.940539","0.0","0.000000","None","165.940539"
"Estimated","102964196778","102964196778","LinkedLineItem","5600000000251686827","2015/05/01 00:00:00","2015/05/31 23:59:59","2015/05/19 19:21:12","TP-LINK Technologies Co., Ltd.","TP-LINK Technologies Co., Ltd.","No.5 Keyuan Road  South Building , Shenzhen, GD, 518057, CN","","AmazonS3","Amazon Simple Storage Service","Amazon Web Services, Inc.","APS1-Requests-Tier2",,"3309745","$0.004 per 10,000 GET and all other requests","2015/05/01 00:00:00","2015/05/31 23:59:59","56478.0","4.0E-7","USD","0.022591","0.0","0.000000","None","0.022591"
"Estimated","102964196778","102964196778","LinkedLineItem","5600000000251686828","2015/05/01 00:00:00","2015/05/31 23:59:59","2015/05/19 19:21:12","TP-LINK Technologies Co., Ltd.","TP-LINK Technologies Co., Ltd.","No.5 Keyuan Road  South Building , Shenzhen, GD, 518057, CN","","AmazonDynamoDB","Amazon DynamoDB","Amazon Web Services, Inc.","EU-TimedStorage-ByteHrs",,"3717252","$0.00 per GB-Month of storage for first 25 free GB-Months","2015/05/01 00:00:00","2015/05/31 23:59:59","0.00005383","0.0","USD","0.000000","0.0","0.000000","None","0.000000"
"Estimated","102964196778","102964196778","LinkedLineItem","5600000000252549563","2015/05/01 00:00:00","2015/05/31 23:59:59","2015/05/19 19:21:12","TP-LINK Technologies Co., Ltd.","TP-LINK Technologies Co., Ltd.","No.5 Keyuan Road  South Building , Shenzhen, GD, 518057, CN","","AmazonEC2","Amazon Elastic Compute Cloud","Amazon Web Services, Inc.","APS1-EBS:SnapshotUsage",,"4870199","$0.095 per GB-Month of snapshot data stored - Asia Pacific (Singapore)","2015/05/01 00:00:00","2015/05/31 23:59:59","37.61554284","0.0950000114","USD","3.573477","0.0","0.000000","None","3.573477"
"Estimated","102964196778","102964196778","LinkedLineItem","5600000000251686829","2015/05/01 00:00:00","2015/05/31 23:59:59","2015/05/19 19:21:12","TP-LINK Technologies Co., Ltd.","TP-LINK Technologies Co., Ltd.","No.5 Keyuan Road  South Building , Shenzhen, GD, 518057, CN","","AmazonRoute53","Amazon Route 53","Amazon Web Services, Inc.","DNS-Queries",,"3035133","$0.40 per 1,000,000 queries for the first 1 Billion queries","2015/05/01 00:00:00","2015/05/31 23:59:59","117155731","4.0E-7","USD","46.862292","0.0","0.000000","None","46.862292"
"Estimated","102964196778","102964196778","LinkedLineItem","5600000000251686830","2015/05/01 00:00:00","2015/05/31 23:59:59","2015/05/19 19:21:12","TP-LINK Technologies Co., Ltd.","TP-LINK Technologies Co., Ltd.","No.5 Keyuan Road  South Building , Shenzhen, GD, 518057, CN","","AWSDataTransfer","AWS Data Transfer","Amazon Web Services, Inc.","USE1-UGW1-AWS-Out-Bytes",,"3510831","$0.02 per GB - US East (Northern Virginia) data transfer to AWS GovCloud (US)","2015/05/01 00:00:00","2015/05/31 23:59:59","0.00023918","0.0209047579","USD","0.000005","0.0","0.000000","None","0.000005"
"Estimated","102964196778","102964196778","LinkedLineItem","5600000000251686831","2015/05/01 00:00:00","2015/05/31 23:59:59","2015/05/19 19:21:12","TP-LINK Technologies Co., Ltd.","TP-LINK Technologies Co., Ltd.","No.5 Keyuan Road  South Building , Shenzhen, GD, 518057, CN","","AmazonCloudFront","Amazon CloudFront","Amazon Web Services, Inc.","IN-DataTransfer-Out-Bytes",,"3506614","$0.170 per GB - first 10 TB / month data transfer out (India)","2015/05/01 00:00:00","2015/05/31 23:59:59","0.32498027","0.1700010896","USD","0.055247","0.0","0.000000","None","0.055247"
"Estimated","102964196778","102964196778","LinkedLineItem","5600000000251686832","2015/05/01 00:00:00","2015/05/31 23:59:59","2015/05/19 19:21:12","TP-LINK Technologies Co., Ltd.","TP-LINK Technologies Co., Ltd.","No.5 Keyuan Road  South Building , Shenzhen, GD, 518057, CN","","AWSDataTransfer","AWS Data Transfer","Amazon Web Services, Inc.","APN1-USE1-AWS-Out-Bytes",,"3510970","$0.09 per GB - Asia Pacific (Tokyo) data transfer to US East (Northern Virginia)","2015/05/01 00:00:00","2015/05/31 23:59:59","0.00589218","0.08994973","USD","0.000530","0.0","0.000000","None","0.000530"
"Estimated","102964196778","102964196778","LinkedLineItem","5600000000251686833","2015/05/01 00:00:00","2015/05/31 23:59:59","2015/05/19 19:21:12","TP-LINK Technologies Co., Ltd.","TP-LINK Technologies Co., Ltd.","No.5 Keyuan Road  South Building , Shenzhen, GD, 518057, CN","","AWSDataTransfer","AWS Data Transfer","Amazon Web Services, Inc.","APN1-CloudFront-Out-Bytes",,"3510745","$0.00 per GB data transfer out of Asia Pacific (Tokyo) to CloudFront","2015/05/01 00:00:00","2015/05/31 23:59:59","3.88073749","0.0","USD","0.000000","0.0","0.000000","None","0.000000"
"Estimated","102964196778","102964196778","LinkedLineItem","5600000000251686836","2015/05/01 00:00:00","2015/05/31 23:59:59","2015/05/19 19:21:12","TP-LINK Technologies Co., Ltd.","TP-LINK Technologies Co., Ltd.","No.5 Keyuan Road  South Building , Shenzhen, GD, 518057, CN","","AWSDataTransfer","AWS Data Transfer","Amazon Web Services, Inc.","EU-SAE1-AWS-Out-Bytes",,"3510779","$0.02 per GB - EU (Ireland) data transfer to South America (Sao Paulo)","2015/05/01 00:00:00","2015/05/31 23:59:59","0.00023113","0.0216328473","USD","0.000005","0.0","0.000000","None","0.000005"
"Estimated","102964196778","102964196778","LinkedLineItem","5600000000251686837","2015/05/01 00:00:00","2015/05/31 23:59:59","2015/05/19 19:21:12","TP-LINK Technologies Co., Ltd.","TP-LINK Technologies Co., Ltd.","No.5 Keyuan Road  South Building , Shenzhen, GD, 518057, CN","","AWSDataTransfer","AWS Data Transfer","Amazon Web Services, Inc.","EU-APS2-AWS-Out-Bytes",,"3510773","$0.02 per GB - EU (Ireland) data transfer to Asia Pacific (Sydney)","2015/05/01 00:00:00","2015/05/31 23:59:59","0.00023225","0.0215285253","USD","0.000005","0.0","0.000000","None","0.000005"
"Estimated","102964196778","102964196778","LinkedLineItem","5600000000251686840","2015/05/01 00:00:00","2015/05/31 23:59:59","2015/05/19 19:21:12","TP-LINK Technologies Co., Ltd.","TP-LINK Technologies Co., Ltd.","No.5 Keyuan Road  South Building , Shenzhen, GD, 518057, CN","","AmazonS3","Amazon Simple Storage Service","Amazon Web Services, Inc.","Requests-Tier2",,"3309724","$0.004 per 10,000 GET and all other requests","2015/05/01 00:00:00","2015/05/31 23:59:59","1677.0","4.001E-7","USD","0.000671","0.0","0.000000","None","0.000671"
"Estimated","102964196778","102964196778","LinkedLineItem","5600000000251686841","2015/05/01 00:00:00","2015/05/31 23:59:59","2015/05/19 19:21:12","TP-LINK Technologies Co., Ltd.","TP-LINK Technologies Co., Ltd.","No.5 Keyuan Road  South Building , Shenzhen, GD, 518057, CN","","AmazonEC2","Amazon Elastic Compute Cloud","Amazon Web Services, Inc.","EU-BoxUsage:t2.micro","RunInstances","4869724","$0.014 per On Demand Linux t2.micro Instance Hour","2015/05/01 00:00:00","2015/05/31 23:59:59","896.0","0.014","USD","12.544000","0.0","0.000000","None","12.544000"
"Estimated","102964196778","102964196778","LinkedLineItem","5600000000251686842","2015/05/01 00:00:00","2015/05/31 23:59:59","2015/05/19 19:21:12","TP-LINK Technologies Co., Ltd.","TP-LINK Technologies Co., Ltd.","No.5 Keyuan Road  South Building , Shenzhen, GD, 518057, CN","","AWSDataTransfer","AWS Data Transfer","Amazon Web Services, Inc.","EU-USE1-AWS-In-Bytes",,"3510788","$0.00 per GB - EU (Ireland) data transfer from US East (Northern Virginia)","2015/05/01 00:00:00","2015/05/31 23:59:59","0.01251135","0.0","USD","0.000000","0.0","0.000000","None","0.000000"
"Estimated","102964196778","102964196778","LinkedLineItem","5600000000254438193","2015/05/01 00:00:00","2015/05/31 23:59:59","2015/05/19 19:21:12","TP-LINK Technologies Co., Ltd.","TP-LINK Technologies Co., Ltd.","No.5 Keyuan Road  South Building , Shenzhen, GD, 518057, CN","","AWSDataTransfer","AWS Data Transfer","Amazon Web Services, Inc.","APS1-EUC1-AWS-Out-Bytes",,"3510807","$0.09 per GB - Asia Pacific (Singapore) data transfer to EUC1 (FRA)","2015/05/01 00:00:00","2015/05/31 23:59:59","0.00016332","0.0918442322","USD","0.000015","0.0","0.000000","None","0.000015"
"Estimated","102964196778","102964196778","LinkedLineItem","5600000000251686843","2015/05/01 00:00:00","2015/05/31 23:59:59","2015/05/19 19:21:12","TP-LINK Technologies Co., Ltd.","TP-LINK Technologies Co., Ltd.","No.5 Keyuan Road  South Building , Shenzhen, GD, 518057, CN","","AmazonS3","Amazon Simple Storage Service","Amazon Web Services, Inc.","Requests-Tier1",,"3309725","$0.005 per 1,000 PUT, COPY, POST, or LIST requests","2015/05/01 00:00:00","2015/05/31 23:59:59","319.0","0.0000050","USD","0.001595","0.0","0.000000","None","0.001595"
"Estimated","102964196778","102964196778","LinkedLineItem","5600000000251686844","2015/05/01 00:00:00","2015/05/31 23:59:59","2015/05/19 19:21:12","TP-LINK Technologies Co., Ltd.","TP-LINK Technologies Co., Ltd.","No.5 Keyuan Road  South Building , Shenzhen, GD, 518057, CN","","AWSDataTransfer","AWS Data Transfer","Amazon Web Services, Inc.","USE1-USW2-AWS-In-Bytes",,"3510834","$0.00 per GB - US East (Northern Virginia) data transfer from US West (Oregon)","2015/05/01 00:00:00","2015/05/31 23:59:59","0.00060254","0.0","USD","0.000000","0.0","0.000000","None","0.000000"
"Estimated","102964196778","102964196778","LinkedLineItem","5600000000251686845","2015/05/01 00:00:00","2015/05/31 23:59:59","2015/05/19 19:21:12","TP-LINK Technologies Co., Ltd.","TP-LINK Technologies Co., Ltd.","No.5 Keyuan Road  South Building , Shenzhen, GD, 518057, CN","","AWSDataTransfer","AWS Data Transfer","Amazon Web Services, Inc.","USE1-USW1-AWS-Out-Bytes",,"3510835","$0.02 per GB - US East (Northern Virginia) data transfer to US West (Northern California)","2015/05/01 00:00:00","2015/05/31 23:59:59","0.00066287","0.0196116886","USD","0.000013","0.0","0.000000","None","0.000013"
"Estimated","102964196778","102964196778","LinkedLineItem","5600000000251686846","2015/05/01 00:00:00","2015/05/31 23:59:59","2015/05/19 19:21:12","TP-LINK Technologies Co., Ltd.","TP-LINK Technologies Co., Ltd.","No.5 Keyuan Road  South Building , Shenzhen, GD, 518057, CN","","AmazonEC2","Amazon Elastic Compute Cloud","Amazon Web Services, Inc.","APS1-CW:AlarmMonitorUsage",,"4870346","$0.00 per alarm-month - first 10 alarms","2015/05/01 00:00:00","2015/05/31 23:59:59","4.81720512","0.0","USD","0.000000","0.0","0.000000","None","0.000000"
"Estimated","102964196778","102964196778","LinkedLineItem","5600000000251686847","2015/05/01 00:00:00","2015/05/31 23:59:59","2015/05/19 19:21:12","TP-LINK Technologies Co., Ltd.","TP-LINK Technologies Co., Ltd.","No.5 Keyuan Road  South Building , Shenzhen, GD, 518057, CN","","AWSDataTransfer","AWS Data Transfer","Amazon Web Services, Inc.","APS1-USE1-AWS-Out-Bytes",,"3510988","$0.09 per GB - Asia Pacific (Singapore) data transfer to US East (Northern Virginia)","2015/05/01 00:00:00","2015/05/31 23:59:59","0.09761455","0.0899968294","USD","0.008785","0.0","0.000000","None","0.008785"
"Estimated","102964196778","102964196778","LinkedLineItem","5600000000251686848","2015/05/01 00:00:00","2015/05/31 23:59:59","2015/05/19 19:21:12","TP-LINK Technologies Co., Ltd.","TP-LINK Technologies Co., Ltd.","No.5 Keyuan Road  South Building , Shenzhen, GD, 518057, CN","","AmazonDynamoDB","Amazon DynamoDB","Amazon Web Services, Inc.","APS1-TimedStorage-ByteHrs",,"3717234","$0.00 per GB-Month of storage for first 25 free GB-Months","2015/05/01 00:00:00","2015/05/31 23:59:59","0.00165661","0.0","USD","0.000000","0.0","0.000000","None","0.000000"
"Estimated","102964196778","102964196778","LinkedLineItem","5600000000251686849","2015/05/01 00:00:00","2015/05/31 23:59:59","2015/05/19 19:21:12","TP-LINK Technologies Co., Ltd.","TP-LINK Technologies Co., Ltd.","No.5 Keyuan Road  South Building , Shenzhen, GD, 518057, CN","","AWSDataTransfer","AWS Data Transfer","Amazon Web Services, Inc.","APS1-APN1-AWS-Out-Bytes",,"3510998","$0.09 per GB - Asia Pacific (Singapore) data transfer to Asia Pacific (Tokyo)","2015/05/01 00:00:00","2015/05/31 23:59:59","0.02010733","0.0900169242","USD","0.001810","0.0","0.000000","None","0.001810"
"Estimated","102964196778","102964196778","LinkedLineItem","5600000000251686851","2015/05/01 00:00:00","2015/05/31 23:59:59","2015/05/19 19:21:12","TP-LINK Technologies Co., Ltd.","TP-LINK Technologies Co., Ltd.","No.5 Keyuan Road  South Building , Shenzhen, GD, 518057, CN","","AmazonEC2","Amazon Elastic Compute Cloud","Amazon Web Services, Inc.","APN1-EBS:VolumeUsage",,"4870202","$0.08 per GB-month of Magnetic provisioned storage - Asia Pacific (Tokyo)","2015/05/01 00:00:00","2015/05/31 23:59:59","64.45161276","0.0799999997","USD","5.156129","0.0","0.000000","None","5.156129"
"Estimated","102964196778","102964196778","LinkedLineItem","5600000000251686852","2015/05/01 00:00:00","2015/05/31 23:59:59","2015/05/19 19:21:12","TP-LINK Technologies Co., Ltd.","TP-LINK Technologies Co., Ltd.","No.5 Keyuan Road  South Building , Shenzhen, GD, 518057, CN","","AmazonEC2","Amazon Elastic Compute Cloud","Amazon Web Services, Inc.","EU-BoxUsage","RunInstances","4871224","$0.047 per On Demand Linux m1.small Instance Hour","2015/05/01 00:00:00","2015/05/31 23:59:59","448.0","0.047","USD","21.056000","0.0","0.000000","None","21.056000"
"Estimated","102964196778","102964196778","LinkedLineItem","5600000000251686853","2015/05/01 00:00:00","2015/05/31 23:59:59","2015/05/19 19:21:12","TP-LINK Technologies Co., Ltd.","TP-LINK Technologies Co., Ltd.","No.5 Keyuan Road  South Building , Shenzhen, GD, 518057, CN","","AmazonEC2","Amazon Elastic Compute Cloud","Amazon Web Services, Inc.","APS1-EBS:VolumeUsage",,"4870196","$0.08 per GB-month of Magnetic provisioned storage - Asia Pacific (Singapore)","2015/05/01 00:00:00","2015/05/31 23:59:59","54.95698884","0.079999998","USD","4.396559","0.0","0.000000","None","4.396559"
"Estimated","102964196778","102964196778","LinkedLineItem","5600000000251686854","2015/05/01 00:00:00","2015/05/31 23:59:59","2015/05/19 19:21:12","TP-LINK Technologies Co., Ltd.","TP-LINK Technologies Co., Ltd.","No.5 Keyuan Road  South Building , Shenzhen, GD, 518057, CN","","AWSDataTransfer","AWS Data Transfer","Amazon Web Services, Inc.","EU-USW2-AWS-In-Bytes",,"3510784","$0.00 per GB - EU (Ireland) data transfer from US West (Oregon)","2015/05/01 00:00:00","2015/05/31 23:59:59","0.0005536","0.0","USD","0.000000","0.0","0.000000","None","0.000000"
"Estimated","102964196778","102964196778","LinkedLineItem","5600000000251686855","2015/05/01 00:00:00","2015/05/31 23:59:59","2015/05/19 19:21:12","TP-LINK Technologies Co., Ltd.","TP-LINK Technologies Co., Ltd.","No.5 Keyuan Road  South Building , Shenzhen, GD, 518057, CN","","AWSDataTransfer","AWS Data Transfer","Amazon Web Services, Inc.","DataTransfer-In-Bytes",,"3510870","$0.000 per GB - data transfer in per month","2015/05/01 00:00:00","2015/05/31 23:59:59","25.63588122","0.0","USD","0.000000","0.0","0.000000","None","0.000000"
"Estimated","102964196778","102964196778","LinkedLineItem","5600000000251686856","2015/05/01 00:00:00","2015/05/31 23:59:59","2015/05/19 19:21:12","TP-LINK Technologies Co., Ltd.","TP-LINK Technologies Co., Ltd.","No.5 Keyuan Road  South Building , Shenzhen, GD, 518057, CN","","AWSDataTransfer","AWS Data Transfer","Amazon Web Services, Inc.","EU-APN1-AWS-In-Bytes",,"3510778","$0.00 per GB - EU (Ireland) data transfer from Asia Pacific (Tokyo)","2015/05/01 00:00:00","2015/05/31 23:59:59","0.00055834","0.0","USD","0.000000","0.0","0.000000","None","0.000000"
"Estimated","102964196778","102964196778","LinkedLineItem","5600000000251686857","2015/05/01 00:00:00","2015/05/31 23:59:59","2015/05/19 19:21:12","TP-LINK Technologies Co., Ltd.","TP-LINK Technologies Co., Ltd.","No.5 Keyuan Road  South Building , Shenzhen, GD, 518057, CN","","AmazonEC2","Amazon Elastic Compute Cloud","Amazon Web Services, Inc.","APS1-BoxUsage:t2.micro","RunInstances","4868871","$0.020 per On Demand Linux t2.micro Instance Hour","2015/05/01 00:00:00","2015/05/31 23:59:59","1309.0","0.02","USD","26.180000","0.0","0.000000","None","26.180000"
"Estimated","102964196778","102964196778","LinkedLineItem","5600000000254438194","2015/05/01 00:00:00","2015/05/31 23:59:59","2015/05/19 19:21:12","TP-LINK Technologies Co., Ltd.","TP-LINK Technologies Co., Ltd.","No.5 Keyuan Road  South Building , Shenzhen, GD, 518057, CN","","AWSDataTransfer","AWS Data Transfer","Amazon Web Services, Inc.","APN1-APS1-AWS-Out-Bytes",,"3510980","$0.09 per GB - Asia Pacific (Tokyo) data transfer to Asia Pacific (Singapore)","2015/05/01 00:00:00","2015/05/31 23:59:59","0.51553989","0.0900007951","USD","0.046399","0.0","0.000000","None","0.046399"
"Estimated","102964196778","102964196778","LinkedLineItem","5600000000251686858","2015/05/01 00:00:00","2015/05/31 23:59:59","2015/05/19 19:21:12","TP-LINK Technologies Co., Ltd.","TP-LINK Technologies Co., Ltd.","No.5 Keyuan Road  South Building , Shenzhen, GD, 518057, CN","","AmazonEC2","Amazon Elastic Compute Cloud","Amazon Web Services, Inc.","APS1-EBS:VolumeUsage.gp2",,"4870194","$0.12 per GB-month of General Purpose (SSD) provisioned storage - Asia Pacific (Singapore)","2015/05/01 00:00:00","2015/05/31 23:59:59","97.85215096","0.1199999988","USD","11.742258","0.0","0.000000","None","11.742258"
"Estimated","102964196778","102964196778","LinkedLineItem","5600000000251686859","2015/05/01 00:00:00","2015/05/31 23:59:59","2015/05/19 19:21:12","TP-LINK Technologies Co., Ltd.","TP-LINK Technologies Co., Ltd.","No.5 Keyuan Road  South Building , Shenzhen, GD, 518057, CN","","AWSDataTransfer","AWS Data Transfer","Amazon Web Services, Inc.","APN1-USW2-AWS-In-Bytes",,"3510973","$0.00 per GB - Asia Pacific (Tokyo) data transfer from US West (Oregon)","2015/05/01 00:00:00","2015/05/31 23:59:59","0.00033996","0.0","USD","0.000000","0.0","0.000000","None","0.000000"
"Estimated","102964196778","102964196778","LinkedLineItem","5600000000251686860","2015/05/01 00:00:00","2015/05/31 23:59:59","2015/05/19 19:21:12","TP-LINK Technologies Co., Ltd.","TP-LINK Technologies Co., Ltd.","No.5 Keyuan Road  South Building , Shenzhen, GD, 518057, CN","","AmazonS3","Amazon Simple Storage Service","Amazon Web Services, Inc.","APS1-TimedStorage-ByteHrs",,"3309701","$0.0300 per GB - first 1 TB / month of storage used","2015/05/01 00:00:00","2015/05/31 23:59:59","1.9603098","0.02999985","USD","0.058809","0.0","0.000000","None","0.058809"
"Estimated","102964196778","102964196778","LinkedLineItem","5600000000251686861","2015/05/01 00:00:00","2015/05/31 23:59:59","2015/05/19 19:21:12","TP-LINK Technologies Co., Ltd.","TP-LINK Technologies Co., Ltd.","No.5 Keyuan Road  South Building , Shenzhen, GD, 518057, CN","","AmazonRDS","Amazon RDS Service","Amazon Web Services, Inc.","APS1-RDS:Multi-AZ-StorageUsage","CreateDBInstance","3314253","$0.22 per GB-month of provisioned storage for Multi-AZ deployments","2015/05/01 00:00:00","2015/05/31 23:59:59","1.70698922","0.2200002177","USD","0.375538","0.0","0.000000","None","0.375538"
"Estimated","102964196778","102964196778","LinkedLineItem","5600000000251686862","2015/05/01 00:00:00","2015/05/31 23:59:59","2015/05/19 19:21:12","TP-LINK Technologies Co., Ltd.","TP-LINK Technologies Co., Ltd.","No.5 Keyuan Road  South Building , Shenzhen, GD, 518057, CN","","AmazonSNS","Amazon Simple Notification Service","Amazon Web Services, Inc.","Requests-Tier1",,"4610331","First 1,000,000 Amazon SNS API Requests per month are free","2015/05/01 00:00:00","2015/05/31 23:59:59","181.0","0.0","USD","0.000000","0.0","0.000000","None","0.000000"
"Estimated","102964196778","102964196778","LinkedLineItem","5600000000251686863","2015/05/01 00:00:00","2015/05/31 23:59:59","2015/05/19 19:21:12","TP-LINK Technologies Co., Ltd.","TP-LINK Technologies Co., Ltd.","No.5 Keyuan Road  South Building , Shenzhen, GD, 518057, CN","","AWSDataTransfer","AWS Data Transfer","Amazon Web Services, Inc.","EU-USE1-AWS-Out-Bytes",,"3510787","$0.02 per GB - EU (Ireland) data transfer to US East (Northern Virginia)","2015/05/01 00:00:00","2015/05/31 23:59:59","0.01487697","0.0200309606","USD","0.000298","0.0","0.000000","None","0.000298"
"Estimated","102964196778","102964196778","LinkedLineItem","5600000000251686864","2015/05/01 00:00:00","2015/05/31 23:59:59","2015/05/19 19:21:12","TP-LINK Technologies Co., Ltd.","TP-LINK Technologies Co., Ltd.","No.5 Keyuan Road  South Building , Shenzhen, GD, 518057, CN","","AWSDataTransfer","AWS Data Transfer","Amazon Web Services, Inc.","USE1-APS1-AWS-In-Bytes",,"3510826","$0.00 per GB - US East (Northern Virginia) data transfer from Asia Pacific (Singapore)","2015/05/01 00:00:00","2015/05/31 23:59:59","0.02579612","0.0","USD","0.000000","0.0","0.000000","None","0.000000"
"Estimated","102964196778","102964196778","LinkedLineItem","5600000000251686865","2015/05/01 00:00:00","2015/05/31 23:59:59","2015/05/19 19:21:12","TP-LINK Technologies Co., Ltd.","TP-LINK Technologies Co., Ltd.","No.5 Keyuan Road  South Building , Shenzhen, GD, 518057, CN","","AmazonCloudFront","Amazon CloudFront","Amazon Web Services, Inc.","IN-Requests-Tier2-HTTPS",,"3506609","$0.0120 per 10,000 HTTPS Requests (India)","2015/05/01 00:00:00","2015/05/31 23:59:59","3539.0","0.0000012001","USD","0.004247","0.0","0.000000","None","0.004247"
"Estimated","102964196778","102964196778","LinkedLineItem","5600000000251686866","2015/05/01 00:00:00","2015/05/31 23:59:59","2015/05/19 19:21:12","TP-LINK Technologies Co., Ltd.","TP-LINK Technologies Co., Ltd.","No.5 Keyuan Road  South Building , Shenzhen, GD, 518057, CN","","AWSDataTransfer","AWS Data Transfer","Amazon Web Services, Inc.","APN1-DataTransfer-Regional-Bytes",,"3510899","$0.010 per GB - regional data transfer - in/out/between EC2 AZs or using IPs or ELB","2015/05/01 00:00:00","2015/05/31 23:59:59","0.05010197","0.0099996068","USD","0.000501","0.0","0.000000","None","0.000501"
"Estimated","102964196778","102964196778","LinkedLineItem","5600000000254355610","2015/05/01 00:00:00","2015/05/31 23:59:59","2015/05/19 19:21:12","TP-LINK Technologies Co., Ltd.","TP-LINK Technologies Co., Ltd.","No.5 Keyuan Road  South Building , Shenzhen, GD, 518057, CN","","AmazonCloudFront","Amazon CloudFront","Amazon Web Services, Inc.","JP-Requests-Tier1","GET","3506658","$0.0090 per 10,000 HTTP Requests","2015/05/01 00:00:00","2015/05/31 23:59:59","12.0","9.167E-7","USD","0.000011","0.0","0.000000","None","0.000011"
"Estimated","102964196778","102964196778","LinkedLineItem","5600000000251686867","2015/05/01 00:00:00","2015/05/31 23:59:59","2015/05/19 19:21:12","TP-LINK Technologies Co., Ltd.","TP-LINK Technologies Co., Ltd.","No.5 Keyuan Road  South Building , Shenzhen, GD, 518057, CN","","AmazonEC2","Amazon Elastic Compute Cloud","Amazon Web Services, Inc.","DataProcessing-Bytes","LoadBalancing","4870390","$0.008 per GB Data Processed by the LoadBalancer","2015/05/01 00:00:00","2015/05/31 23:59:59","25.21726106","0.0079999965","USD","0.201738","0.0","0.000000","None","0.201738"
"Estimated","102964196778","102964196778","LinkedLineItem","5600000000251686868","2015/05/01 00:00:00","2015/05/31 23:59:59","2015/05/19 19:21:12","TP-LINK Technologies Co., Ltd.","TP-LINK Technologies Co., Ltd.","No.5 Keyuan Road  South Building , Shenzhen, GD, 518057, CN","","AmazonEC2","Amazon Elastic Compute Cloud","Amazon Web Services, Inc.","BoxUsage:m3.medium","RunInstances","4869881","$0.070 per On Demand Linux m3.medium Instance Hour","2015/05/01 00:00:00","2015/05/31 23:59:59","2235.0","0.07","USD","156.450000","0.0","0.000000","None","156.450000"
"Estimated","102964196778","102964196778","LinkedLineItem","5600000000251686869","2015/05/01 00:00:00","2015/05/31 23:59:59","2015/05/19 19:21:12","TP-LINK Technologies Co., Ltd.","TP-LINK Technologies Co., Ltd.","No.5 Keyuan Road  South Building , Shenzhen, GD, 518057, CN","","AmazonEC2","Amazon Elastic Compute Cloud","Amazon Web Services, Inc.","APN1-EBS:VolumeIOUsage",,"4870204","$0.08 per 1 million I/O requests - Asia Pacific (Tokyo)","2015/05/01 00:00:00","2015/05/31 23:59:59","173632.0","8.0E-8","USD","0.013891","0.0","0.000000","None","0.013891"
"Estimated","102964196778","102964196778","LinkedLineItem","5600000000251686870","2015/05/01 00:00:00","2015/05/31 23:59:59","2015/05/19 19:21:12","TP-LINK Technologies Co., Ltd.","TP-LINK Technologies Co., Ltd.","No.5 Keyuan Road  South Building , Shenzhen, GD, 518057, CN","","AWSDataTransfer","AWS Data Transfer","Amazon Web Services, Inc.","APS1-SAE1-AWS-In-Bytes",,"3510995","$0.00 per GB - Asia Pacific (Singapore) data transfer from South America (Sao Paulo)","2015/05/01 00:00:00","2015/05/31 23:59:59","0.00075252","0.0","USD","0.000000","0.0","0.000000","None","0.000000"
"Estimated","102964196778","102964196778","LinkedLineItem","5600000000251686871","2015/05/01 00:00:00","2015/05/31 23:59:59","2015/05/19 19:21:12","TP-LINK Technologies Co., Ltd.","TP-LINK Technologies Co., Ltd.","No.5 Keyuan Road  South Building , Shenzhen, GD, 518057, CN","","AWSDataTransfer","AWS Data Transfer","Amazon Web Services, Inc.","USE1-SAE1-AWS-Out-Bytes",,"3510829","$0.02 per GB - US East (Northern Virginia) data transfer to South America (Sao Paulo)","2015/05/01 00:00:00","2015/05/31 23:59:59","0.00023113","0.0216328473","USD","0.000005","0.0","0.000000","None","0.000005"
"Estimated","102964196778","102964196778","LinkedLineItem","5600000000251686872","2015/05/01 00:00:00","2015/05/31 23:59:59","2015/05/19 19:21:12","TP-LINK Technologies Co., Ltd.","TP-LINK Technologies Co., Ltd.","No.5 Keyuan Road  South Building , Shenzhen, GD, 518057, CN","","AmazonEC2","Amazon Elastic Compute Cloud","Amazon Web Services, Inc.","EU-BoxUsage:c3.large","RunInstances","4871287","$0.120 per On Demand Linux c3.large Instance Hour","2015/05/01 00:00:00","2015/05/31 23:59:59","896.0","0.12","USD","107.520000","0.0","0.000000","None","107.520000"
"Estimated","102964196778","102964196778","LinkedLineItem","5600000000251686873","2015/05/01 00:00:00","2015/05/31 23:59:59","2015/05/19 19:21:12","TP-LINK Technologies Co., Ltd.","TP-LINK Technologies Co., Ltd.","No.5 Keyuan Road  South Building , Shenzhen, GD, 518057, CN","","AWSDataTransfer","AWS Data Transfer","Amazon Web Services, Inc.","APS1-USW2-AWS-Out-Bytes",,"3510992","$0.09 per GB - Asia Pacific (Singapore) data transfer to US West (Oregon)","2015/05/01 00:00:00","2015/05/31 23:59:59","0.01115639","0.0899932684","USD","0.001004","0.0","0.000000","None","0.001004"
"Estimated","102964196778","102964196778","LinkedLineItem","5600000000251686874","2015/05/01 00:00:00","2015/05/31 23:59:59","2015/05/19 19:21:12","TP-LINK Technologies Co., Ltd.","TP-LINK Technologies Co., Ltd.","No.5 Keyuan Road  South Building , Shenzhen, GD, 518057, CN","","AmazonEC2","Amazon Elastic Compute Cloud","Amazon Web Services, Inc.","APN1-BoxUsage:t2.micro","RunInstances","4869160","$0.020 per On Demand Linux t2.micro Instance Hour","2015/05/01 00:00:00","2015/05/31 23:59:59","448.0","0.02","USD","8.960000","0.0","0.000000","None","8.960000"
"Estimated","102964196778","102964196778","LinkedLineItem","5600000000251686875","2015/05/01 00:00:00","2015/05/31 23:59:59","2015/05/19 19:21:12","TP-LINK Technologies Co., Ltd.","TP-LINK Technologies Co., Ltd.","No.5 Keyuan Road  South Building , Shenzhen, GD, 518057, CN","","AmazonCloudFront","Amazon CloudFront","Amazon Web Services, Inc.","JP-DataTransfer-Out-Bytes",,"3506651","$0.140 per GB - first 10 TB / month data transfer out","2015/05/01 00:00:00","2015/05/31 23:59:59","0.60815027","0.1399999378","USD","0.085141","0.0","0.000000","None","0.085141"
"Estimated","102964196778","102964196778","LinkedLineItem","5600000000251686876","2015/05/01 00:00:00","2015/05/31 23:59:59","2015/05/19 19:21:12","TP-LINK Technologies Co., Ltd.","TP-LINK Technologies Co., Ltd.","No.5 Keyuan Road  South Building , Shenzhen, GD, 518057, CN","","AmazonEC2","Amazon Elastic Compute Cloud","Amazon Web Services, Inc.","EU-BoxUsage:m3.medium","RunInstances","4871196","$0.077 per On Demand Linux m3.medium Instance Hour","2015/05/01 00:00:00","2015/05/31 23:59:59","1792.0","0.077","USD","137.984000","0.0","0.000000","None","137.984000"
"Estimated","102964196778","102964196778","LinkedLineItem","5600000000251686877","2015/05/01 00:00:00","2015/05/31 23:59:59","2015/05/19 19:21:12","TP-LINK Technologies Co., Ltd.","TP-LINK Technologies Co., Ltd.","No.5 Keyuan Road  South Building , Shenzhen, GD, 518057, CN","","AWSDataTransfer","AWS Data Transfer","Amazon Web Services, Inc.","APS1-USW1-AWS-In-Bytes",,"3510989","$0.00 per GB - Asia Pacific (Singapore) data transfer from US West (Northern California)","2015/05/01 00:00:00","2015/05/31 23:59:59","0.00433061","0.0","USD","0.000000","0.0","0.000000","None","0.000000"
"Estimated","102964196778","102964196778","LinkedLineItem","5600000000251686878","2015/05/01 00:00:00","2015/05/31 23:59:59","2015/05/19 19:21:12","TP-LINK Technologies Co., Ltd.","TP-LINK Technologies Co., Ltd.","No.5 Keyuan Road  South Building , Shenzhen, GD, 518057, CN","","AmazonCloudFront","Amazon CloudFront","Amazon Web Services, Inc.","AU-DataTransfer-Out-Bytes",,"3506671","$0.140 per GB - first 10 TB / month data transfer out","2015/05/01 00:00:00","2015/05/31 23:59:59","0.00002663","0.150206534","USD","0.000004","0.0","0.000000","None","0.000004"
"Estimated","102964196778","102964196778","LinkedLineItem","5600000000251686879","2015/05/01 00:00:00","2015/05/31 23:59:59","2015/05/19 19:21:12","TP-LINK Technologies Co., Ltd.","TP-LINK Technologies Co., Ltd.","No.5 Keyuan Road  South Building , Shenzhen, GD, 518057, CN","","AmazonEC2","Amazon Elastic Compute Cloud","Amazon Web Services, Inc.","APS1-CW:MetricMonitorUsage",,"4870356","$0.00 per metric-month - first 10 metrics","2015/05/01 00:00:00","2015/05/31 23:59:59","0.7432794","0.1297022358","USD","0.096405","0.0","0.000000","None","0.096405"
"Estimated","102964196778","102964196778","LinkedLineItem","5600000000251686880","2015/05/01 00:00:00","2015/05/31 23:59:59","2015/05/19 19:21:12","TP-LINK Technologies Co., Ltd.","TP-LINK Technologies Co., Ltd.","No.5 Keyuan Road  South Building , Shenzhen, GD, 518057, CN","","AmazonS3","Amazon Simple Storage Service","Amazon Web Services, Inc.","APN1-Requests-Tier2",,"3309783","$0.0037 per 10,000 GET and all other requests","2015/05/01 00:00:00","2015/05/31 23:59:59","2065.0","3.7E-7","USD","0.000764","0.0","0.000000","None","0.000764"
"Estimated","102964196778","102964196778","LinkedLineItem","5600000000251686881","2015/05/01 00:00:00","2015/05/31 23:59:59","2015/05/19 19:21:12","TP-LINK Technologies Co., Ltd.","TP-LINK Technologies Co., Ltd.","No.5 Keyuan Road  South Building , Shenzhen, GD, 518057, CN","","AWSDataTransfer","AWS Data Transfer","Amazon Web Services, Inc.","USE1-UGW1-AWS-In-Bytes",,"3510832","$0.00 per GB - US East (Northern Virginia) data transfer from AWS GovCloud (US)","2015/05/01 00:00:00","2015/05/31 23:59:59","0.00048556","0.0","USD","0.000000","0.0","0.000000","None","0.000000"
"Estimated","102964196778","102964196778","LinkedLineItem","5600000000254438195","2015/05/01 00:00:00","2015/05/31 23:59:59","2015/05/19 19:21:12","TP-LINK Technologies Co., Ltd.","TP-LINK Technologies Co., Ltd.","No.5 Keyuan Road  South Building , Shenzhen, GD, 518057, CN","","AWSDataTransfer","AWS Data Transfer","Amazon Web Services, Inc.","APN1-APS1-AWS-In-Bytes",,"3510979","$0.00 per GB - Asia Pacific (Tokyo) data transfer from Asia Pacific (Singapore)","2015/05/01 00:00:00","2015/05/31 23:59:59","0.36123257","0.0","USD","0.000000","0.0","0.000000","None","0.000000"
"Estimated","102964196778","102964196778","LinkedLineItem","5600000000253467822","2015/05/01 00:00:00","2015/05/31 23:59:59","2015/05/19 19:21:12","TP-LINK Technologies Co., Ltd.","TP-LINK Technologies Co., Ltd.","No.5 Keyuan Road  South Building , Shenzhen, GD, 518057, CN","","AWSDataTransfer","AWS Data Transfer","Amazon Web Services, Inc.","APN1-USW1-AWS-Out-Bytes",,"3510972","$0.09 per GB - Asia Pacific (Tokyo) data transfer to US West (Northern California)","2015/05/01 00:00:00","2015/05/31 23:59:59","0.00009091","0.08799912","USD","0.000008","0.0","0.000000","None","0.000008"
"Estimated","102964196778","102964196778","LinkedLineItem","5600000000251686883","2015/05/01 00:00:00","2015/05/31 23:59:59","2015/05/19 19:21:12","TP-LINK Technologies Co., Ltd.","TP-LINK Technologies Co., Ltd.","No.5 Keyuan Road  South Building , Shenzhen, GD, 518057, CN","","AWSDataTransfer","AWS Data Transfer","Amazon Web Services, Inc.","EU-USW2-AWS-Out-Bytes",,"3510783","$0.02 per GB - EU (Ireland) data transfer to US West (Oregon)","2015/05/01 00:00:00","2015/05/31 23:59:59","0.00051771","0.0193158332","USD","0.000010","0.0","0.000000","None","0.000010"
"Estimated","102964196778","102964196778","LinkedLineItem","5600000000250846502","2015/05/01 00:00:00","2015/05/31 23:59:59","2015/05/19 19:21:12","TP-LINK Technologies Co., Ltd.","TP-LINK Technologies Co., Ltd.","No.5 Keyuan Road  South Building , Shenzhen, GD, 518057, CN","","AWSDataTransfer","AWS Data Transfer","Amazon Web Services, Inc.","APN1-EU-AWS-In-Bytes",,"3510983","$0.00 per GB - Asia Pacific (Tokyo) data transfer from EU (Ireland)","2015/05/01 00:00:00","2015/05/31 23:59:59","0.00004094","0.0","USD","0.000000","0.0","0.000000","None","0.000000"
"Estimated","102964196778","102964196778","LinkedLineItem","5600000000251686884","2015/05/01 00:00:00","2015/05/31 23:59:59","2015/05/19 19:21:12","TP-LINK Technologies Co., Ltd.","TP-LINK Technologies Co., Ltd.","No.5 Keyuan Road  South Building , Shenzhen, GD, 518057, CN","","AmazonCloudFront","Amazon CloudFront","Amazon Web Services, Inc.","US-DataTransfer-Out-Bytes",,"3506636","$0.085 per GB - first 10 TB / month data transfer out","2015/05/01 00:00:00","2015/05/31 23:59:59","1.04180606","0.0850004654","USD","0.088554","0.0","0.000000","None","0.088554"
"Estimated","102964196778","102964196778","LinkedLineItem","5600000000251686885","2015/05/01 00:00:00","2015/05/31 23:59:59","2015/05/19 19:21:12","TP-LINK Technologies Co., Ltd.","TP-LINK Technologies Co., Ltd.","No.5 Keyuan Road  South Building , Shenzhen, GD, 518057, CN","","AmazonElastiCache","Amazon ElastiCache","Amazon Web Services, Inc.","EU-NodeUsage:cache.m3.medium","CreateCacheCluster:0001","3815972","$0.095 per  Enhanced Medium Cache node-hour (or partial hour) running Memcached","2015/05/01 00:00:00","2015/05/31 23:59:59","896.0","0.095","USD","85.120000","0.0","0.000000","None","85.120000"
"Estimated","102964196778","102964196778","LinkedLineItem","5600000000251686886","2015/05/01 00:00:00","2015/05/31 23:59:59","2015/05/19 19:21:12","TP-LINK Technologies Co., Ltd.","TP-LINK Technologies Co., Ltd.","No.5 Keyuan Road  South Building , Shenzhen, GD, 518057, CN","","AmazonCloudFront","Amazon CloudFront","Amazon Web Services, Inc.","AU-Requests-Tier1","GET","3506617","$0.0090 per 10,000 HTTP Requests","2015/05/01 00:00:00","2015/05/31 23:59:59","4.0","0.0000010","USD","0.000004","0.0","0.000000","None","0.000004"
"Estimated","102964196778","102964196778","LinkedLineItem","5600000000253399699","2015/05/01 00:00:00","2015/05/31 23:59:59","2015/05/19 19:21:12","TP-LINK Technologies Co., Ltd.","TP-LINK Technologies Co., Ltd.","No.5 Keyuan Road  South Building , Shenzhen, GD, 518057, CN","","AWSDataTransfer","AWS Data Transfer","Amazon Web Services, Inc.","EU-DataTransfer-Out-Bytes",,"3510879","$0.090 per GB - up to 10 TB / month data transfer out","2015/05/01 00:00:00","2015/05/31 23:59:59","53.3482139","0.0883252438","USD","4.711994","0.0","0.000000","None","4.711994"
"Estimated","102964196778","102964196778","LinkedLineItem","5600000000251686887","2015/05/01 00:00:00","2015/05/31 23:59:59","2015/05/19 19:21:12","TP-LINK Technologies Co., Ltd.","TP-LINK Technologies Co., Ltd.","No.5 Keyuan Road  South Building , Shenzhen, GD, 518057, CN","","AmazonEC2","Amazon Elastic Compute Cloud","Amazon Web Services, Inc.","BoxUsage","RunInstances","4869853","$0.044 per On Demand Linux m1.small Instance Hour","2015/05/01 00:00:00","2015/05/31 23:59:59","448.0","0.044","USD","19.712000","0.0","0.000000","None","19.712000"
"Estimated","102964196778","102964196778","LinkedLineItem","5600000000251686888","2015/05/01 00:00:00","2015/05/31 23:59:59","2015/05/19 19:21:12","TP-LINK Technologies Co., Ltd.","TP-LINK Technologies Co., Ltd.","No.5 Keyuan Road  South Building , Shenzhen, GD, 518057, CN","","AWSDataTransfer","AWS Data Transfer","Amazon Web Services, Inc.","EU-USW1-AWS-Out-Bytes",,"3510785","$0.02 per GB - EU (Ireland) data transfer to US West (Northern California)","2015/05/01 00:00:00","2015/05/31 23:59:59","0.00031255","0.0191969285","USD","0.000006","0.0","0.000000","None","0.000006"
"Estimated","102964196778","150500235817","LinkedLineItem","5600000000251808526","2015/05/01 00:00:00","2015/05/31 23:59:59","2015/05/19 19:21:12","TP-LINK Technologies Co., Ltd.","TP-LINK Cloud Alpha","No.5 Keyuan Road, South Building, Shenzhen, Guangdong, 518057, CN","","AmazonDynamoDB","Amazon DynamoDB","Amazon Web Services, Inc.","APN1-ReadCapacityUnit-Hrs","CommittedThroughput","3717255","$0.0001484 per hour for units of read capacity beyond the free tier","2015/05/01 00:00:00","2015/05/31 23:59:59","82432.0","0.0001250619","USD","10.309104","0.0","0.000000","None","10.309104"
"Estimated","102964196778","150500235817","LinkedLineItem","5600000000249815516","2015/05/01 00:00:00","2015/05/31 23:59:59","2015/05/19 19:21:12","TP-LINK Technologies Co., Ltd.","TP-LINK Cloud Alpha","No.5 Keyuan Road, South Building, Shenzhen, Guangdong, 518057, CN","","AmazonEC2","Amazon Elastic Compute Cloud","Amazon Web Services, Inc.","CW:Requests",,"4870362","$0.00 per request - first 1,000,000 requests","2015/05/01 00:00:00","2015/05/31 23:59:59","2098.0","0.0","USD","0.000000","0.0","0.000000","None","0.000000"
"Estimated","102964196778","150500235817","LinkedLineItem","5600000000254493686","2015/05/01 00:00:00","2015/05/31 23:59:59","2015/05/19 19:21:12","TP-LINK Technologies Co., Ltd.","TP-LINK Cloud Alpha","No.5 Keyuan Road, South Building, Shenzhen, Guangdong, 518057, CN","","AmazonEC2","Amazon Elastic Compute Cloud","Amazon Web Services, Inc.","APS2-CW:Requests",,"4870369","$0.01 per 1,000 requests","2015/05/01 00:00:00","2015/05/31 23:59:59","199.0","0.000010","USD","0.001990","0.0","0.000000","None","0.001990"
"Estimated","102964196778","150500235817","LinkedLineItem","5600000000251808527","2015/05/01 00:00:00","2015/05/31 23:59:59","2015/05/19 19:21:12","TP-LINK Technologies Co., Ltd.","TP-LINK Cloud Alpha","No.5 Keyuan Road, South Building, Shenzhen, Guangdong, 518057, CN","","AWSDataTransfer","AWS Data Transfer","Amazon Web Services, Inc.","DataTransfer-Regional-Bytes",,"3510876","$0.010 per GB - regional data transfer - in/out/between EC2 AZs or using IPs or ELB","2015/05/01 00:00:00","2015/05/31 23:59:59","0.00022647","0.0088311918","USD","0.000002","0.0","0.000000","None","0.000002"
"Estimated","102964196778","150500235817","LinkedLineItem","5600000000249975336","2015/05/01 00:00:00","2015/05/31 23:59:59","2015/05/19 19:21:12","TP-LINK Technologies Co., Ltd.","TP-LINK Cloud Alpha","No.5 Keyuan Road, South Building, Shenzhen, Guangdong, 518057, CN","","AmazonS3","Amazon Simple Storage Service","Amazon Web Services, Inc.","Requests-Tier1",,"3309725","$0.005 per 1,000 PUT, COPY, POST, or LIST requests","2015/05/01 00:00:00","2015/05/31 23:59:59","18.0","0.0000050","USD","0.000090","0.0","0.000000","None","0.000090"
"Estimated","102964196778","150500235817","LinkedLineItem","5600000000251749504","2015/05/01 00:00:00","2015/05/31 23:59:59","2015/05/19 19:21:12","TP-LINK Technologies Co., Ltd.","TP-LINK Cloud Alpha","No.5 Keyuan Road, South Building, Shenzhen, Guangdong, 518057, CN","","AmazonEC2","Amazon Elastic Compute Cloud","Amazon Web Services, Inc.","EBS:SnapshotUsage",,"4870187","$0.095 per GB-Month of snapshot data stored - US East (Northern Virginia)","2015/05/01 00:00:00","2015/05/31 23:59:59","1.13152086","0.0949995743","USD","0.107494","0.0","0.000000","None","0.107494"
"Estimated","102964196778","150500235817","LinkedLineItem","5600000000252820646","2015/05/01 00:00:00","2015/05/31 23:59:59","2015/05/19 19:21:12","TP-LINK Technologies Co., Ltd.","TP-LINK Cloud Alpha","No.5 Keyuan Road, South Building, Shenzhen, Guangdong, 518057, CN","","AmazonEC2","Amazon Elastic Compute Cloud","Amazon Web Services, Inc.","APS1-CW:Requests",,"4870368","$0.01 per 1,000 requests","2015/05/01 00:00:00","2015/05/31 23:59:59","761239.0","0.000010","USD","7.612390","0.0","0.000000","None","7.612390"
"Estimated","102964196778","150500235817","LinkedLineItem","5600000000249815517","2015/05/01 00:00:00","2015/05/31 23:59:59","2015/05/19 19:21:12","TP-LINK Technologies Co., Ltd.","TP-LINK Cloud Alpha","No.5 Keyuan Road, South Building, Shenzhen, Guangdong, 518057, CN","","AmazonEC2","Amazon Elastic Compute Cloud","Amazon Web Services, Inc.","APS1-LoadBalancerUsage","LoadBalancing","4870378","$0.028 per LoadBalancer-hour (or partial hour)","2015/05/01 00:00:00","2015/05/31 23:59:59","3136.0","0.028","USD","87.808000","0.0","0.000000","None","87.808000"
"Estimated","102964196778","150500235817","LinkedLineItem","5600000000253582274","2015/05/01 00:00:00","2015/05/31 23:59:59","2015/05/19 19:21:12","TP-LINK Technologies Co., Ltd.","TP-LINK Cloud Alpha","No.5 Keyuan Road, South Building, Shenzhen, Guangdong, 518057, CN","","AmazonS3","Amazon Simple Storage Service","Amazon Web Services, Inc.","APS1-Requests-Tier1",,"3309744","$0.005 per 1,000 PUT, COPY, POST, or LIST requests","2015/05/01 00:00:00","2015/05/31 23:59:59","291.0","0.0000050","USD","0.001455","0.0","0.000000","None","0.001455"
"Estimated","102964196778","150500235817","LinkedLineItem","5600000000249815518","2015/05/01 00:00:00","2015/05/31 23:59:59","2015/05/19 19:21:12","TP-LINK Technologies Co., Ltd.","TP-LINK Cloud Alpha","No.5 Keyuan Road, South Building, Shenzhen, Guangdong, 518057, CN","","AmazonEC2","Amazon Elastic Compute Cloud","Amazon Web Services, Inc.","APS1-BoxUsage:t2.micro","RunInstances","4868871","$0.020 per On Demand Linux t2.micro Instance Hour","2015/05/01 00:00:00","2015/05/31 23:59:59","6010.0","0.02","USD","120.200000","0.0","0.000000","None","120.200000"
"Estimated","102964196778","150500235817","LinkedLineItem","5600000000252578330","2015/05/01 00:00:00","2015/05/31 23:59:59","2015/05/19 19:21:12","TP-LINK Technologies Co., Ltd.","TP-LINK Cloud Alpha","No.5 Keyuan Road, South Building, Shenzhen, Guangdong, 518057, CN","","AmazonDynamoDB","Amazon DynamoDB","Amazon Web Services, Inc.","ReadCapacityUnit-Hrs","CommittedThroughput","3717202","$0.00013 per hour for units of read capacity beyond the free tier","2015/05/01 00:00:00","2015/05/31 23:59:59","4928.0","0.0001195199","USD","0.588994","0.0","0.000000","None","0.588994"
"Estimated","102964196778","150500235817","LinkedLineItem","5600000000249815519","2015/05/01 00:00:00","2015/05/31 23:59:59","2015/05/19 19:21:12","TP-LINK Technologies Co., Ltd.","TP-LINK Cloud Alpha","No.5 Keyuan Road, South Building, Shenzhen, Guangdong, 518057, CN","","AmazonEC2","Amazon Elastic Compute Cloud","Amazon Web Services, Inc.","USW1-CW:Requests",,"4870363","$0.00 per request - first 1,000,000 requests","2015/05/01 00:00:00","2015/05/31 23:59:59","199.0","0.0","USD","0.000000","0.0","0.000000","None","0.000000"
"Estimated","102964196778","150500235817","LinkedLineItem","5600000000249815520","2015/05/01 00:00:00","2015/05/31 23:59:59","2015/05/19 19:21:12","TP-LINK Technologies Co., Ltd.","TP-LINK Cloud Alpha","No.5 Keyuan Road, South Building, Shenzhen, Guangdong, 518057, CN","","AWSDataTransfer","AWS Data Transfer","Amazon Web Services, Inc.","APS1-DataTransfer-Regional-Bytes",,"3510892","$0.010 per GB - regional data transfer - in/out/between EC2 AZs or using IPs or ELB","2015/05/01 00:00:00","2015/05/31 23:59:59","7.35532907","0.0099999605","USD","0.073553","0.0","0.000000","None","0.073553"
"Estimated","102964196778","150500235817","LinkedLineItem","5600000000249815521","2015/05/01 00:00:00","2015/05/31 23:59:59","2015/05/19 19:21:12","TP-LINK Technologies Co., Ltd.","TP-LINK Cloud Alpha","No.5 Keyuan Road, South Building, Shenzhen, Guangdong, 518057, CN","","AmazonDynamoDB","Amazon DynamoDB","Amazon Web Services, Inc.","TimedStorage-ByteHrs",,"3717199","$0.00 per GB-Month of storage for first 25 free GB-Months","2015/05/01 00:00:00","2015/05/31 23:59:59","0.00036393","0.0","USD","0.000000","0.0","0.000000","None","0.000000"
"Estimated","102964196778","150500235817","LinkedLineItem","5600000000249815522","2015/05/01 00:00:00","2015/05/31 23:59:59","2015/05/19 19:21:12","TP-LINK Technologies Co., Ltd.","TP-LINK Cloud Alpha","No.5 Keyuan Road, South Building, Shenzhen, Guangdong, 518057, CN","","AmazonEC2","Amazon Elastic Compute Cloud","Amazon Web Services, Inc.","APS1-EBS:VolumeUsage.gp2",,"4870194","$0.12 per GB-month of General Purpose (SSD) provisioned storage - Asia Pacific (Singapore)","2015/05/01 00:00:00","2015/05/31 23:59:59","170.17741936","0.1199999981","USD","20.421290","0.0","0.000000","None","20.421290"
"Estimated","102964196778","150500235817","LinkedLineItem","5600000000253582275","2015/05/01 00:00:00","2015/05/31 23:59:59","2015/05/19 19:21:12","TP-LINK Technologies Co., Ltd.","TP-LINK Cloud Alpha","No.5 Keyuan Road, South Building, Shenzhen, Guangdong, 518057, CN","","AmazonS3","Amazon Simple Storage Service","Amazon Web Services, Inc.","APS1-Requests-Tier2",,"3309745","$0.004 per 10,000 GET and all other requests","2015/05/01 00:00:00","2015/05/31 23:59:59","164.0","4.024E-7","USD","0.000066","0.0","0.000000","None","0.000066"
"Estimated","102964196778","150500235817","LinkedLineItem","5600000000249815524","2015/05/01 00:00:00","2015/05/31 23:59:59","2015/05/19 19:21:12","TP-LINK Technologies Co., Ltd.","TP-LINK Cloud Alpha","No.5 Keyuan Road, South Building, Shenzhen, Guangdong, 518057, CN","","AmazonEC2","Amazon Elastic Compute Cloud","Amazon Web Services, Inc.","BoxUsage:t2.micro","RunInstances","4870861","$0.013 per On Demand Linux t2.micro Instance Hour","2015/05/01 00:00:00","2015/05/31 23:59:59","896.0","0.013","USD","11.648000","0.0","0.000000","None","11.648000"
"Estimated","102964196778","150500235817","LinkedLineItem","5600000000250922139","2015/05/01 00:00:00","2015/05/31 23:59:59","2015/05/19 19:21:12","TP-LINK Technologies Co., Ltd.","TP-LINK Cloud Alpha","No.5 Keyuan Road, South Building, Shenzhen, Guangdong, 518057, CN","","AWSDataTransfer","AWS Data Transfer","Amazon Web Services, Inc.","DataTransfer-Out-Bytes",,"3510872","$0.090 per GB - up to 10 TB / month data transfer out","2015/05/01 00:00:00","2015/05/31 23:59:59","0.09199897","0.065511603","USD","0.006027","0.0","0.000000","None","0.006027"
"Estimated","102964196778","150500235817","LinkedLineItem","5600000000249975337","2015/05/01 00:00:00","2015/05/31 23:59:59","2015/05/19 19:21:12","TP-LINK Technologies Co., Ltd.","TP-LINK Cloud Alpha","No.5 Keyuan Road, South Building, Shenzhen, Guangdong, 518057, CN","","AWSDataTransfer","AWS Data Transfer","Amazon Web Services, Inc.","APS1-EUC1-AWS-Out-Bytes",,"3510807","$0.09 per GB - Asia Pacific (Singapore) data transfer to EUC1 (FRA)","2015/05/01 00:00:00","2015/05/31 23:59:59","0.00008494","0.09418413","USD","0.000008","0.0","0.000000","None","0.000008"
"Estimated","102964196778","150500235817","LinkedLineItem","5600000000250922140","2015/05/01 00:00:00","2015/05/31 23:59:59","2015/05/19 19:21:12","TP-LINK Technologies Co., Ltd.","TP-LINK Cloud Alpha","No.5 Keyuan Road, South Building, Shenzhen, Guangdong, 518057, CN","","AmazonEC2","Amazon Elastic Compute Cloud","Amazon Web Services, Inc.","APS1-ElasticIP:Remap",,"4870405","$0.00 per Elastic IP address remap - first 100 remaps / month","2015/05/01 00:00:00","2015/05/31 23:59:59","2.0","0.0","USD","0.000000","0.0","0.000000","None","0.000000"
"Estimated","102964196778","150500235817","LinkedLineItem","5600000000249815527","2015/05/01 00:00:00","2015/05/31 23:59:59","2015/05/19 19:21:12","TP-LINK Technologies Co., Ltd.","TP-LINK Cloud Alpha","No.5 Keyuan Road, South Building, Shenzhen, Guangdong, 518057, CN","","AmazonRDS","Amazon RDS Service","Amazon Web Services, Inc.","APS1-InstanceUsage:db.t2.micro","CreateDBInstance:0002","3312951","$0.026 per RDS T2 Micro Instance hour (or partial hour) running MySQL - BYOL","2015/05/01 00:00:00","2015/05/31 23:59:59","448.0","0.026","USD","11.648000","0.0","0.000000","None","11.648000"
"Estimated","102964196778","150500235817","LinkedLineItem","5600000000249815528","2015/05/01 00:00:00","2015/05/31 23:59:59","2015/05/19 19:21:12","TP-LINK Technologies Co., Ltd.","TP-LINK Cloud Alpha","No.5 Keyuan Road, South Building, Shenzhen, Guangdong, 518057, CN","","AWSDataTransfer","AWS Data Transfer","Amazon Web Services, Inc.","APS1-SAE1-AWS-Out-Bytes",,"3510996","$0.09 per GB - Asia Pacific (Singapore) data transfer to South America (Sao Paulo)","2015/05/01 00:00:00","2015/05/31 23:59:59","0.0004984","0.0902889246","USD","0.000045","0.0","0.000000","None","0.000045"
"Estimated","102964196778","150500235817","LinkedLineItem","5600000000249975338","2015/05/01 00:00:00","2015/05/31 23:59:59","2015/05/19 19:21:12","TP-LINK Technologies Co., Ltd.","TP-LINK Cloud Alpha","No.5 Keyuan Road, South Building, Shenzhen, Guangdong, 518057, CN","","AWSDataTransfer","AWS Data Transfer","Amazon Web Services, Inc.","APS1-EUC1-AWS-In-Bytes",,"3510808","$0.00 per GB - Asia Pacific (Singapore) data transfer from EUC1 (FRA)","2015/05/01 00:00:00","2015/05/31 23:59:59","0.00013451","0.0","USD","0.000000","0.0","0.000000","None","0.000000"
"Estimated","102964196778","150500235817","LinkedLineItem","5600000000249815530","2015/05/01 00:00:00","2015/05/31 23:59:59","2015/05/19 19:21:12","TP-LINK Technologies Co., Ltd.","TP-LINK Cloud Alpha","No.5 Keyuan Road, South Building, Shenzhen, Guangdong, 518057, CN","","AmazonEC2","Amazon Elastic Compute Cloud","Amazon Web Services, Inc.","EU-CW:Requests",,"4870364","$0.00 per request - first 1,000,000 requests","2015/05/01 00:00:00","2015/05/31 23:59:59","199.0","0.0000072412","USD","0.001441","0.0","0.000000","None","0.001441"
"Estimated","102964196778","150500235817","LinkedLineItem","5600000000249975339","2015/05/01 00:00:00","2015/05/31 23:59:59","2015/05/19 19:21:12","TP-LINK Technologies Co., Ltd.","TP-LINK Cloud Alpha","No.5 Keyuan Road, South Building, Shenzhen, Guangdong, 518057, CN","","AmazonSNS","Amazon Simple Notification Service","Amazon Web Services, Inc.","APS1-Requests-Tier1",,"4610335","First 1,000,000 Amazon SNS API Requests per month are free","2015/05/01 00:00:00","2015/05/31 23:59:59","9.0","0.0","USD","0.000000","0.0","0.000000","None","0.000000"
"Estimated","102964196778","150500235817","LinkedLineItem","5600000000249815531","2015/05/01 00:00:00","2015/05/31 23:59:59","2015/05/19 19:21:12","TP-LINK Technologies Co., Ltd.","TP-LINK Cloud Alpha","No.5 Keyuan Road, South Building, Shenzhen, Guangdong, 518057, CN","","AmazonDynamoDB","Amazon DynamoDB","Amazon Web Services, Inc.","APN1-TimedStorage-ByteHrs",,"3717205","$0.00 per GB-Month of storage for first 25 free GB-Months","2015/05/01 00:00:00","2015/05/31 23:59:59","0.00070358","0.0","USD","0.000000","0.0","0.000000","None","0.000000"
"Estimated","102964196778","150500235817","LinkedLineItem","5600000000254493687","2015/05/01 00:00:00","2015/05/31 23:59:59","2015/05/19 19:21:12","TP-LINK Technologies Co., Ltd.","TP-LINK Cloud Alpha","No.5 Keyuan Road, South Building, Shenzhen, Guangdong, 518057, CN","","AmazonEC2","Amazon Elastic Compute Cloud","Amazon Web Services, Inc.","USW2-CW:Requests",,"4870375","$0.01 per 1,000 requests","2015/05/01 00:00:00","2015/05/31 23:59:59","199.0","0.000010","USD","0.001990","0.0","0.000000","None","0.001990"
"Estimated","102964196778","150500235817","LinkedLineItem","5600000000249815532","2015/05/01 00:00:00","2015/05/31 23:59:59","2015/05/19 19:21:12","TP-LINK Technologies Co., Ltd.","TP-LINK Cloud Alpha","No.5 Keyuan Road, South Building, Shenzhen, Guangdong, 518057, CN","","AmazonRDS","Amazon RDS Service","Amazon Web Services, Inc.","APS1-RDS:GP2-Storage","CreateDBInstance","3312780","$0.138 per GB-month of provisioned GP2 storage","2015/05/01 00:00:00","2015/05/31 23:59:59","3.01075264","0.1380000451","USD","0.415484","0.0","0.000000","None","0.415484"
"Estimated","102964196778","150500235817","LinkedLineItem","5600000000250741896","2015/05/01 00:00:00","2015/05/31 23:59:59","2015/05/19 19:21:12","TP-LINK Technologies Co., Ltd.","TP-LINK Cloud Alpha","No.5 Keyuan Road, South Building, Shenzhen, Guangdong, 518057, CN","","AmazonEC2","Amazon Elastic Compute Cloud","Amazon Web Services, Inc.","APS1-ElasticIP:IdleAddress",,"4870404","$0.005 per Elastic IP address not attached to a running instance per hour (prorated)","2015/05/01 00:00:00","2015/05/31 23:59:59","1046.4","0.0049961955","USD","5.228019","0.0","0.000000","None","5.228019"
"Estimated","102964196778","150500235817","LinkedLineItem","5600000000249815533","2015/05/01 00:00:00","2015/05/31 23:59:59","2015/05/19 19:21:12","TP-LINK Technologies Co., Ltd.","TP-LINK Cloud Alpha","No.5 Keyuan Road, South Building, Shenzhen, Guangdong, 518057, CN","","AWSDataTransfer","AWS Data Transfer","Amazon Web Services, Inc.","APS1-EU-AWS-In-Bytes",,"3511001","$0.00 per GB - Asia Pacific (Singapore) data transfer from EU (Ireland)","2015/05/01 00:00:00","2015/05/31 23:59:59","0.00175306","0.0","USD","0.000000","0.0","0.000000","None","0.000000"
"Estimated","102964196778","150500235817","LinkedLineItem","5600000000249815534","2015/05/01 00:00:00","2015/05/31 23:59:59","2015/05/19 19:21:12","TP-LINK Technologies Co., Ltd.","TP-LINK Cloud Alpha","No.5 Keyuan Road, South Building, Shenzhen, Guangdong, 518057, CN","","AWSDataTransfer","AWS Data Transfer","Amazon Web Services, Inc.","APS1-USE1-AWS-Out-Bytes",,"3510988","$0.09 per GB - Asia Pacific (Singapore) data transfer to US East (Northern Virginia)","2015/05/01 00:00:00","2015/05/31 23:59:59","0.03623561","0.0899943453","USD","0.003261","0.0","0.000000","None","0.003261"
"Estimated","102964196778","150500235817","LinkedLineItem","5600000000249815535","2015/05/01 00:00:00","2015/05/31 23:59:59","2015/05/19 19:21:12","TP-LINK Technologies Co., Ltd.","TP-LINK Cloud Alpha","No.5 Keyuan Road, South Building, Shenzhen, Guangdong, 518057, CN","","AmazonEC2","Amazon Elastic Compute Cloud","Amazon Web Services, Inc.","SAE1-CW:Requests",,"4870337","$0.00 per request - first 1,000,000 requests","2015/05/01 00:00:00","2015/05/31 23:59:59","199.0","0.0","USD","0.000000","0.0","0.000000","None","0.000000"
"Estimated","102964196778","150500235817","LinkedLineItem","5600000000252601883","2015/05/01 00:00:00","2015/05/31 23:59:59","2015/05/19 19:21:12","TP-LINK Technologies Co., Ltd.","TP-LINK Cloud Alpha","No.5 Keyuan Road, South Building, Shenzhen, Guangdong, 518057, CN","","AmazonDynamoDB","Amazon DynamoDB","Amazon Web Services, Inc.","APS1-WriteCapacityUnit-Hrs","CommittedThroughput","3717210","$0.00074 per hour for units of write capacity beyond the free tier","2015/05/01 00:00:00","2015/05/31 23:59:59","11195.0","0.000632572","USD","7.081644","0.0","0.000000","None","7.081644"
"Estimated","102964196778","150500235817","LinkedLineItem","5600000000249815538","2015/05/01 00:00:00","2015/05/31 23:59:59","2015/05/19 19:21:12","TP-LINK Technologies Co., Ltd.","TP-LINK Cloud Alpha","No.5 Keyuan Road, South Building, Shenzhen, Guangdong, 518057, CN","","AWSDataTransfer","AWS Data Transfer","Amazon Web Services, Inc.","APS1-USW2-AWS-In-Bytes",,"3510991","$0.00 per GB - Asia Pacific (Singapore) data transfer from US West (Oregon)","2015/05/01 00:00:00","2015/05/31 23:59:59","0.00258991","0.0","USD","0.000000","0.0","0.000000","None","0.000000"
"Estimated","102964196778","150500235817","LinkedLineItem","5600000000252601884","2015/05/01 00:00:00","2015/05/31 23:59:59","2015/05/19 19:21:12","TP-LINK Technologies Co., Ltd.","TP-LINK Cloud Alpha","No.5 Keyuan Road, South Building, Shenzhen, Guangdong, 518057, CN","","AmazonDynamoDB","Amazon DynamoDB","Amazon Web Services, Inc.","APN1-WriteCapacityUnit-Hrs","CommittedThroughput","3717253","$0.000742 per hour for units of write capacity beyond the free tier","2015/05/01 00:00:00","2015/05/31 23:59:59","82432.0","0.0006253097","USD","51.545529","0.0","0.000000","None","51.545529"
"Estimated","102964196778","150500235817","LinkedLineItem","5600000000249815539","2015/05/01 00:00:00","2015/05/31 23:59:59","2015/05/19 19:21:12","TP-LINK Technologies Co., Ltd.","TP-LINK Cloud Alpha","No.5 Keyuan Road, South Building, Shenzhen, Guangdong, 518057, CN","","AWSDataTransfer","AWS Data Transfer","Amazon Web Services, Inc.","APS1-APN1-AWS-In-Bytes",,"3510997","$0.00 per GB - Asia Pacific (Singapore) data transfer from Asia Pacific (Tokyo)","2015/05/01 00:00:00","2015/05/31 23:59:59","0.5283704","0.0","USD","0.000000","0.0","0.000000","None","0.000000"
"Estimated","102964196778","150500235817","LinkedLineItem","5600000000249815540","2015/05/01 00:00:00","2015/05/31 23:59:59","2015/05/19 19:21:12","TP-LINK Technologies Co., Ltd.","TP-LINK Cloud Alpha","No.5 Keyuan Road, South Building, Shenzhen, Guangdong, 518057, CN","","AmazonEC2","Amazon Elastic Compute Cloud","Amazon Web Services, Inc.","APS1-CW:AlarmMonitorUsage",,"4870346","$0.00 per alarm-month - first 10 alarms","2015/05/01 00:00:00","2015/05/31 23:59:59","0.60215232","0.0","USD","0.000000","0.0","0.000000","None","0.000000"
"Estimated","102964196778","150500235817","LinkedLineItem","5600000000249815541","2015/05/01 00:00:00","2015/05/31 23:59:59","2015/05/19 19:21:12","TP-LINK Technologies Co., Ltd.","TP-LINK Cloud Alpha","No.5 Keyuan Road, South Building, Shenzhen, Guangdong, 518057, CN","","AmazonEC2","Amazon Elastic Compute Cloud","Amazon Web Services, Inc.","APN1-ElasticIP:IdleAddress",,"4870399","$0.005 per Elastic IP address not attached to a running instance per hour (prorated)","2015/05/01 00:00:00","2015/05/31 23:59:59","447.0","0.0049888143","USD","2.230000","0.0","0.000000","None","2.230000"
"Estimated","102964196778","150500235817","LinkedLineItem","5600000000249815542","2015/05/01 00:00:00","2015/05/31 23:59:59","2015/05/19 19:21:12","TP-LINK Technologies Co., Ltd.","TP-LINK Cloud Alpha","No.5 Keyuan Road, South Building, Shenzhen, Guangdong, 518057, CN","","AWSDataTransfer","AWS Data Transfer","Amazon Web Services, Inc.","APS1-SAE1-AWS-In-Bytes",,"3510995","$0.00 per GB - Asia Pacific (Singapore) data transfer from South America (Sao Paulo)","2015/05/01 00:00:00","2015/05/31 23:59:59","0.0013789","0.0","USD","0.000000","0.0","0.000000","None","0.000000"
"Estimated","102964196778","150500235817","LinkedLineItem","5600000000249815543","2015/05/01 00:00:00","2015/05/31 23:59:59","2015/05/19 19:21:12","TP-LINK Technologies Co., Ltd.","TP-LINK Cloud Alpha","No.5 Keyuan Road, South Building, Shenzhen, Guangdong, 518057, CN","","AWSDataTransfer","AWS Data Transfer","Amazon Web Services, Inc.","APS1-USW2-AWS-Out-Bytes",,"3510992","$0.09 per GB - Asia Pacific (Singapore) data transfer to US West (Oregon)","2015/05/01 00:00:00","2015/05/31 23:59:59","0.00146449","0.0901337667","USD","0.000132","0.0","0.000000","None","0.000132"
"Estimated","102964196778","150500235817","LinkedLineItem","5600000000249815544","2015/05/01 00:00:00","2015/05/31 23:59:59","2015/05/19 19:21:12","TP-LINK Technologies Co., Ltd.","TP-LINK Cloud Alpha","No.5 Keyuan Road, South Building, Shenzhen, Guangdong, 518057, CN","","AWSDataTransfer","AWS Data Transfer","Amazon Web Services, Inc.","APS1-USE1-AWS-In-Bytes",,"3510987","$0.00 per GB - Asia Pacific (Singapore) data transfer from US East (Northern Virginia)","2015/05/01 00:00:00","2015/05/31 23:59:59","0.03159675","0.0","USD","0.000000","0.0","0.000000","None","0.000000"
"Estimated","102964196778","150500235817","LinkedLineItem","5600000000249815545","2015/05/01 00:00:00","2015/05/31 23:59:59","2015/05/19 19:21:12","TP-LINK Technologies Co., Ltd.","TP-LINK Cloud Alpha","No.5 Keyuan Road, South Building, Shenzhen, Guangdong, 518057, CN","","AmazonDynamoDB","Amazon DynamoDB","Amazon Web Services, Inc.","APS1-TimedStorage-ByteHrs",,"3717234","$0.00 per GB-Month of storage for first 25 free GB-Months","2015/05/01 00:00:00","2015/05/31 23:59:59","0.00580564","0.0","USD","0.000000","0.0","0.000000","None","0.000000"
"Estimated","102964196778","150500235817","LinkedLineItem","5600000000249815546","2015/05/01 00:00:00","2015/05/31 23:59:59","2015/05/19 19:21:12","TP-LINK Technologies Co., Ltd.","TP-LINK Cloud Alpha","No.5 Keyuan Road, South Building, Shenzhen, Guangdong, 518057, CN","","AWSDataTransfer","AWS Data Transfer","Amazon Web Services, Inc.","APS1-APS2-AWS-Out-Bytes",,"3511000","$0.09 per GB - Asia Pacific (Singapore) data transfer to Asia Pacific (Sydney)","2015/05/01 00:00:00","2015/05/31 23:59:59","0.00077839","0.0899292129","USD","0.000070","0.0","0.000000","None","0.000070"
"Estimated","102964196778","150500235817","LinkedLineItem","5600000000249815548","2015/05/01 00:00:00","2015/05/31 23:59:59","2015/05/19 19:21:12","TP-LINK Technologies Co., Ltd.","TP-LINK Cloud Alpha","No.5 Keyuan Road, South Building, Shenzhen, Guangdong, 518057, CN","","AWSDataTransfer","AWS Data Transfer","Amazon Web Services, Inc.","APS1-UGW1-AWS-Out-Bytes",,"3510994","$0.09 per GB - Asia Pacific (Singapore) data transfer to AWS GovCloud (US)","2015/05/01 00:00:00","2015/05/31 23:59:59","0.0004279","0.0911427904","USD","0.000039","0.0","0.000000","None","0.000039"
"Estimated","102964196778","150500235817","LinkedLineItem","5600000000249815549","2015/05/01 00:00:00","2015/05/31 23:59:59","2015/05/19 19:21:12","TP-LINK Technologies Co., Ltd.","TP-LINK Cloud Alpha","No.5 Keyuan Road, South Building, Shenzhen, Guangdong, 518057, CN","","AWSDataTransfer","AWS Data Transfer","Amazon Web Services, Inc.","APS1-EU-AWS-Out-Bytes",,"3510809","$0.09 per GB - Asia Pacific (Singapore) data transfer to EU (Ireland)","2015/05/01 00:00:00","2015/05/31 23:59:59","0.00991336","0.0899795831","USD","0.000892","0.0","0.000000","None","0.000892"
"Estimated","102964196778","150500235817","LinkedLineItem","5600000000254493688","2015/05/01 00:00:00","2015/05/31 23:59:59","2015/05/19 19:21:12","TP-LINK Technologies Co., Ltd.","TP-LINK Cloud Alpha","No.5 Keyuan Road, South Building, Shenzhen, Guangdong, 518057, CN","","AmazonEC2","Amazon Elastic Compute Cloud","Amazon Web Services, Inc.","APN1-CW:Requests",,"4870367","$0.01 per 1,000 requests","2015/05/01 00:00:00","2015/05/31 23:59:59","199.0","0.000010","USD","0.001990","0.0","0.000000","None","0.001990"
"Estimated","102964196778","150500235817","LinkedLineItem","5600000000249815551","2015/05/01 00:00:00","2015/05/31 23:59:59","2015/05/19 19:21:12","TP-LINK Technologies Co., Ltd.","TP-LINK Cloud Alpha","No.5 Keyuan Road, South Building, Shenzhen, Guangdong, 518057, CN","","AmazonElastiCache","Amazon ElastiCache","Amazon Web Services, Inc.","APS1-NodeUsage:cache.t2.micro","CreateCacheCluster:0002","3815855","$0.022 per T2 Micro Cache node-hour (or partial hour) running Redis","2015/05/01 00:00:00","2015/05/31 23:59:59","448.0","0.022","USD","9.856000","0.0","0.000000","None","9.856000"
"Estimated","102964196778","150500235817","LinkedLineItem","5600000000249815552","2015/05/01 00:00:00","2015/05/31 23:59:59","2015/05/19 19:21:12","TP-LINK Technologies Co., Ltd.","TP-LINK Cloud Alpha","No.5 Keyuan Road, South Building, Shenzhen, Guangdong, 518057, CN","","AmazonEC2","Amazon Elastic Compute Cloud","Amazon Web Services, Inc.","APS1-CW:MetricMonitorUsage",,"4870356","$0.00 per metric-month - first 10 metrics","2015/05/01 00:00:00","2015/05/31 23:59:59","7.08064507","0.1297027306","USD","0.918379","0.0","0.000000","None","0.918379"
"Estimated","102964196778","150500235817","LinkedLineItem","5600000000249815553","2015/05/01 00:00:00","2015/05/31 23:59:59","2015/05/19 19:21:12","TP-LINK Technologies Co., Ltd.","TP-LINK Cloud Alpha","No.5 Keyuan Road, South Building, Shenzhen, Guangdong, 518057, CN","","AmazonEC2","Amazon Elastic Compute Cloud","Amazon Web Services, Inc.","APS1-DataProcessing-Bytes","LoadBalancing","4870388","$0.008 per GB Data Processed by the LoadBalancer","2015/05/01 00:00:00","2015/05/31 23:59:59","2.51189472","0.0079999372","USD","0.020095","0.0","0.000000","None","0.020095"
"Estimated","102964196778","150500235817","LinkedLineItem","5600000000251749505","2015/05/01 00:00:00","2015/05/31 23:59:59","2015/05/19 19:21:12","TP-LINK Technologies Co., Ltd.","TP-LINK Cloud Alpha","No.5 Keyuan Road, South Building, Shenzhen, Guangdong, 518057, CN","","AmazonDynamoDB","Amazon DynamoDB","Amazon Web Services, Inc.","WriteCapacityUnit-Hrs","CommittedThroughput","3717204","$0.00065 per hour for units of write capacity beyond the free tier","2015/05/01 00:00:00","2015/05/31 23:59:59","4928.0","0.0005975992","USD","2.944969","0.0","0.000000","None","2.944969"
"Estimated","102964196778","150500235817","LinkedLineItem","5600000000249815554","2015/05/01 00:00:00","2015/05/31 23:59:59","2015/05/19 19:21:12","TP-LINK Technologies Co., Ltd.","TP-LINK Cloud Alpha","No.5 Keyuan Road, South Building, Shenzhen, Guangdong, 518057, CN","","AmazonS3","Amazon Simple Storage Service","Amazon Web Services, Inc.","APS1-TimedStorage-ByteHrs",,"3309701","$0.0300 per GB - first 1 TB / month of storage used","2015/05/01 00:00:00","2015/05/31 23:59:59","0.13485443","0.0300027222","USD","0.004046","0.0","0.000000","None","0.004046"
"Estimated","102964196778","150500235817","LinkedLineItem","5600000000251808528","2015/05/01 00:00:00","2015/05/31 23:59:59","2015/05/19 19:21:12","TP-LINK Technologies Co., Ltd.","TP-LINK Cloud Alpha","No.5 Keyuan Road, South Building, Shenzhen, Guangdong, 518057, CN","","AWSDataTransfer","AWS Data Transfer","Amazon Web Services, Inc.","APS1-CloudFront-In-Bytes",,"3510744","$0.00 per GB data transfer in to Asia Pacific (Singapore) from CloudFront","2015/05/01 00:00:00","2015/05/31 23:59:59","0.0427135","0.0","USD","0.000000","0.0","0.000000","None","0.000000"
"Estimated","102964196778","150500235817","LinkedLineItem","5600000000249815555","2015/05/01 00:00:00","2015/05/31 23:59:59","2015/05/19 19:21:12","TP-LINK Technologies Co., Ltd.","TP-LINK Cloud Alpha","No.5 Keyuan Road, South Building, Shenzhen, Guangdong, 518057, CN","","AWSDataTransfer","AWS Data Transfer","Amazon Web Services, Inc.","APS1-APS2-AWS-In-Bytes",,"3510999","$0.00 per GB - Asia Pacific (Singapore) data transfer from Asia Pacific (Sydney)","2015/05/01 00:00:00","2015/05/31 23:59:59","0.00143364","0.0","USD","0.000000","0.0","0.000000","None","0.000000"
"Estimated","102964196778","150500235817","LinkedLineItem","5600000000249815556","2015/05/01 00:00:00","2015/05/31 23:59:59","2015/05/19 19:21:12","TP-LINK Technologies Co., Ltd.","TP-LINK Cloud Alpha","No.5 Keyuan Road, South Building, Shenzhen, Guangdong, 518057, CN","","AWSDataTransfer","AWS Data Transfer","Amazon Web Services, Inc.","APS1-DataTransfer-In-Bytes",,"3510886","$0.000 per GB - data transfer in per month","2015/05/01 00:00:00","2015/05/31 23:59:59","4.1734059","0.0","USD","0.000000","0.0","0.000000","None","0.000000"
"Estimated","102964196778","150500235817","LinkedLineItem","5600000000251808529","2015/05/01 00:00:00","2015/05/31 23:59:59","2015/05/19 19:21:12","TP-LINK Technologies Co., Ltd.","TP-LINK Cloud Alpha","No.5 Keyuan Road, South Building, Shenzhen, Guangdong, 518057, CN","","AWSDataTransfer","AWS Data Transfer","Amazon Web Services, Inc.","APS1-CloudFront-Out-Bytes",,"3510743","$0.00 per GB data transfer out of Asia Pacific (Singapore) to CloudFront","2015/05/01 00:00:00","2015/05/31 23:59:59","0.00229455","0.0","USD","0.000000","0.0","0.000000","None","0.000000"
"Estimated","102964196778","150500235817","LinkedLineItem","5600000000250741897","2015/05/01 00:00:00","2015/05/31 23:59:59","2015/05/19 19:21:12","TP-LINK Technologies Co., Ltd.","TP-LINK Cloud Alpha","No.5 Keyuan Road, South Building, Shenzhen, Guangdong, 518057, CN","","AmazonEC2","Amazon Elastic Compute Cloud","Amazon Web Services, Inc.","EBS:VolumeUsage.gp2",,"4870182","$0.10 per GB-month of General Purpose (SSD) provisioned storage - US East (Northern Virginia)","2015/05/01 00:00:00","2015/05/31 23:59:59","14.16128838","0.1000000114","USD","1.416129","0.0","0.000000","None","1.416129"
"Estimated","102964196778","150500235817","LinkedLineItem","5600000000249815557","2015/05/01 00:00:00","2015/05/31 23:59:59","2015/05/19 19:21:12","TP-LINK Technologies Co., Ltd.","TP-LINK Cloud Alpha","No.5 Keyuan Road, South Building, Shenzhen, Guangdong, 518057, CN","","AWSDataTransfer","AWS Data Transfer","Amazon Web Services, Inc.","APS1-DataTransfer-Out-Bytes",,"3510888","$0.120 per GB - up to 10 TB / month data transfer out","2015/05/01 00:00:00","2015/05/31 23:59:59","5.08422331","0.1199441808","USD","0.609823","0.0","0.000000","None","0.609823"
"Estimated","102964196778","150500235817","LinkedLineItem","5600000000251749506","2015/05/01 00:00:00","2015/05/31 23:59:59","2015/05/19 19:21:12","TP-LINK Technologies Co., Ltd.","TP-LINK Cloud Alpha","No.5 Keyuan Road, South Building, Shenzhen, Guangdong, 518057, CN","","AmazonEC2","Amazon Elastic Compute Cloud","Amazon Web Services, Inc.","APN1-EBS:SnapshotUsage",,"4870205","$0.095 per GB-Month of snapshot data stored - Asia Pacific (Tokyo)","2015/05/01 00:00:00","2015/05/31 23:59:59","1.13152086","0.0949995743","USD","0.107494","0.0","0.000000","None","0.107494"
"Estimated","102964196778","150500235817","LinkedLineItem","5600000000249815558","2015/05/01 00:00:00","2015/05/31 23:59:59","2015/05/19 19:21:12","TP-LINK Technologies Co., Ltd.","TP-LINK Cloud Alpha","No.5 Keyuan Road, South Building, Shenzhen, Guangdong, 518057, CN","","AmazonElastiCache","Amazon ElastiCache","Amazon Web Services, Inc.","APS1-NodeUsage:cache.t2.micro","CreateCacheCluster:0001","3816045","$0.022 per T2 Micro Cache node-hour (or partial hour) running Memcached","2015/05/01 00:00:00","2015/05/31 23:59:59","1344.0","0.022","USD","29.568000","0.0","0.000000","None","29.568000"
"Estimated","102964196778","150500235817","LinkedLineItem","5600000000249815559","2015/05/01 00:00:00","2015/05/31 23:59:59","2015/05/19 19:21:12","TP-LINK Technologies Co., Ltd.","TP-LINK Cloud Alpha","No.5 Keyuan Road, South Building, Shenzhen, Guangdong, 518057, CN","","AWSDataTransfer","AWS Data Transfer","Amazon Web Services, Inc.","APS1-APN1-AWS-Out-Bytes",,"3510998","$0.09 per GB - Asia Pacific (Singapore) data transfer to Asia Pacific (Tokyo)","2015/05/01 00:00:00","2015/05/31 23:59:59","0.40740806","0.090000674","USD","0.036667","0.0","0.000000","None","0.036667"
"Estimated","102964196778","150500235817","LinkedLineItem","5600000000249815560","2015/05/01 00:00:00","2015/05/31 23:59:59","2015/05/19 19:21:12","TP-LINK Technologies Co., Ltd.","TP-LINK Cloud Alpha","No.5 Keyuan Road, South Building, Shenzhen, Guangdong, 518057, CN","","AWSDataTransfer","AWS Data Transfer","Amazon Web Services, Inc.","APS1-USW1-AWS-In-Bytes",,"3510989","$0.00 per GB - Asia Pacific (Singapore) data transfer from US West (Northern California)","2015/05/01 00:00:00","2015/05/31 23:59:59","0.00302393","0.0","USD","0.000000","0.0","0.000000","None","0.000000"
"Estimated","102964196778","150500235817","LinkedLineItem","5600000000249815561","2015/05/01 00:00:00","2015/05/31 23:59:59","2015/05/19 19:21:12","TP-LINK Technologies Co., Ltd.","TP-LINK Cloud Alpha","No.5 Keyuan Road, South Building, Shenzhen, Guangdong, 518057, CN","","AmazonDynamoDB","Amazon DynamoDB","Amazon Web Services, Inc.","APS1-ReadCapacityUnit-Hrs","CommittedThroughput","3717232","$0.00 per hour for 25 units of read capacity for a month (free tier)","2015/05/01 00:00:00","2015/05/31 23:59:59","10752.0","0.0001264401","USD","1.359484","0.0","0.000000","None","1.359484"
"Estimated","102964196778","150500235817","LinkedLineItem","5600000000249815562","2015/05/01 00:00:00","2015/05/31 23:59:59","2015/05/19 19:21:12","TP-LINK Technologies Co., Ltd.","TP-LINK Cloud Alpha","No.5 Keyuan Road, South Building, Shenzhen, Guangdong, 518057, CN","","AWSDataTransfer","AWS Data Transfer","Amazon Web Services, Inc.","APS1-UGW1-AWS-In-Bytes",,"3510993","$0.00 per GB - Asia Pacific (Singapore) data transfer from AWS GovCloud (US)","2015/05/01 00:00:00","2015/05/31 23:59:59","0.00085204","0.0","USD","0.000000","0.0","0.000000","None","0.000000"
"Estimated","102964196778","150500235817","LinkedLineItem","5600000000251749507","2015/05/01 00:00:00","2015/05/31 23:59:59","2015/05/19 19:21:12","TP-LINK Technologies Co., Ltd.","TP-LINK Cloud Alpha","No.5 Keyuan Road, South Building, Shenzhen, Guangdong, 518057, CN","","AmazonEC2","Amazon Elastic Compute Cloud","Amazon Web Services, Inc.","APS1-EBS:SnapshotUsage",,"4870199","$0.095 per GB-Month of snapshot data stored - Asia Pacific (Singapore)","2015/05/01 00:00:00","2015/05/31 23:59:59","5.872797","0.0950000485","USD","0.557916","0.0","0.000000","None","0.557916"
"Estimated","102964196778","150500235817","LinkedLineItem","5600000000249815563","2015/05/01 00:00:00","2015/05/31 23:59:59","2015/05/19 19:21:12","TP-LINK Technologies Co., Ltd.","TP-LINK Cloud Alpha","No.5 Keyuan Road, South Building, Shenzhen, Guangdong, 518057, CN","","AmazonEC2","Amazon Elastic Compute Cloud","Amazon Web Services, Inc.","APS1-BoxUsage:t1.micro","RunInstances","4868853","$0.020 per On Demand Linux t1.micro Instance Hour","2015/05/01 00:00:00","2015/05/31 23:59:59","2240.0","0.02","USD","44.800000","0.0","0.000000","None","44.800000"
"Estimated","102964196778","150500235817","LinkedLineItem","5600000000249815564","2015/05/01 00:00:00","2015/05/31 23:59:59","2015/05/19 19:21:12","TP-LINK Technologies Co., Ltd.","TP-LINK Cloud Alpha","No.5 Keyuan Road, South Building, Shenzhen, Guangdong, 518057, CN","","AWSDataTransfer","AWS Data Transfer","Amazon Web Services, Inc.","DataTransfer-In-Bytes",,"3510870","$0.000 per GB - data transfer in per month","2015/05/01 00:00:00","2015/05/31 23:59:59","0.03789235","0.0","USD","0.000000","0.0","0.000000","None","0.000000"
"Estimated","102964196778","150500235817","LinkedLineItem","5600000000253582276","2015/05/01 00:00:00","2015/05/31 23:59:59","2015/05/19 19:21:12","TP-LINK Technologies Co., Ltd.","TP-LINK Cloud Alpha","No.5 Keyuan Road, South Building, Shenzhen, Guangdong, 518057, CN","","AWSQueueService","Amazon Simple Queue Service","Amazon Web Services, Inc.","APS1-Requests-Tier1",,"3304354","First 1,000,000 Amazon SQS Requests per month are free","2015/05/01 00:00:00","2015/05/31 23:59:59","6.0","0.0","USD","0.000000","0.0","0.000000","None","0.000000"
"Estimated","102964196778","150500235817","LinkedLineItem","5600000000250922141","2015/05/01 00:00:00","2015/05/31 23:59:59","2015/05/19 19:21:12","TP-LINK Technologies Co., Ltd.","TP-LINK Cloud Alpha","No.5 Keyuan Road, South Building, Shenzhen, Guangdong, 518057, CN","","awskms","AWS Key Management Service","Amazon Web Services, Inc.","ap-southeast-1-KMS-Requests",,"4913687","$0.00 per request - Monthly Global Free Tier for KMS requests","2015/05/01 00:00:00","2015/05/31 23:59:59","6.0","0.0","USD","0.000000","0.0","0.000000","None","0.000000"
"Estimated","102964196778","150500235817","LinkedLineItem","5600000000249815565","2015/05/01 00:00:00","2015/05/31 23:59:59","2015/05/19 19:21:12","TP-LINK Technologies Co., Ltd.","TP-LINK Cloud Alpha","No.5 Keyuan Road, South Building, Shenzhen, Guangdong, 518057, CN","","AWSDataTransfer","AWS Data Transfer","Amazon Web Services, Inc.","APS1-USW1-AWS-Out-Bytes",,"3510990","$0.09 per GB - Asia Pacific (Singapore) data transfer to US West (Northern California)","2015/05/01 00:00:00","2015/05/31 23:59:59","0.00379458","0.0901285518","USD","0.000342","0.0","0.000000","None","0.000342"
"Estimated","102964196778","","CBRounding","CBRounding:Estimated","2015/05/01 00:00:00","2015/05/31 23:59:59","2015/05/19 19:21:12","TP-LINK Technologies Co., Ltd.","","No.5 Keyuan Road  South Building , Shenzhen, GD, 518057, CN","",,,,,,,"There is a USD 0.522832 difference between the sum of all linked account totals and your invoice total.",,,,,"USD","0.522832",,,,"0.522832"
"Estimated","102964196778","","InvoiceTotal","InvoiceTotal:Estimated","2015/05/01 00:00:00","2015/05/31 23:59:59","2015/05/19 19:21:12","TP-LINK Technologies Co., Ltd.","","No.5 Keyuan Road  South Building , Shenzhen, GD, 518057, CN","",,,,,,,"Total amount for invoice Estimated",,,,,"USD","4185.84","0.0","0.000000",,"4185.84"
,"102964196778","641466755530","AccountTotal","AccountTotal:641466755530","2015/05/01 00:00:00","2015/05/31 23:59:59",,"TP-LINK Technologies Co., Ltd.","TP-LINK Cloud Beta",,,,,,,,,"Total for linked account# 641466755530 (TP-LINK Cloud Beta)",,,,,"USD","801.959634","0.0","0.000000",,"801.959634"
,"102964196778","102964196778","AccountTotal","AccountTotal:102964196778","2015/05/01 00:00:00","2015/05/31 23:59:59",,"TP-LINK Technologies Co., Ltd.","TP-LINK Technologies Co., Ltd.",,,,,,,,,"Total for linked account# 102964196778 (TP-LINK Technologies Co., Ltd.)",,,,,"USD","2954.221191","0.0","0.000000",,"2954.221191"
,"102964196778","150500235817","AccountTotal","AccountTotal:150500235817","2015/05/01 00:00:00","2015/05/31 23:59:59",,"TP-LINK Technologies Co., Ltd.","TP-LINK Cloud Alpha",,,,,,,,,"Total for linked account# 150500235817 (TP-LINK Cloud Alpha)",,,,,"USD","429.136343","0.0","0.000000",,"429.136343"
,"102964196778",,"StatementTotal","StatementTotal","2015/05/01 00:00:00","2015/05/31 23:59:59",,"TP-LINK Technologies Co., Ltd.",,,,,,,,,,"Total statement amount for period 2015/05/01 00:00:00 - 2015/05/31 23:59:59",,,,,"USD","4185.84","0.0","0.000000",,"4185.84"
,,,"EstimatedDisclaimer",,,,,,,,,,,,,,,"This report reflects your estimated monthly bill for activity through approximately 2015/05/19 13:21:12",,,,,,,,,,
